# source: 05_Code-Examples/Dictionary (2)/Dictionary/tempInput.txt
10000 8000
23768.27018
9076.22120
28400.12088
5066.7927
9758.31732
19492.12880
17724.28366
1265.29477
7345.4126
13631.5092
31327.21525
14170.21082
6213.11713
26009.22461
5548.1555
3692.18061
21026.11179
3818.16708
26668.7346
19682.31769
15282.14743
26479.30983
29936.7889
11186.391
2222.23276
3503.7180
20625.1333
7018.21419
29318.15316
17312.7620
27139.17117
13955.619
1992.6810
17215.19191
4342.18543
28803.19050
10335.9630
29500.23929
7977.6716
17964.22632
13752.17729
29803.12848
2396.10714
11665.4523
29727.24719
26234.23099
14935.4330
12727.30077
7122.26279
7394.16112
13401.31011
8288.9311
1375.11412
3855.28235
28627.930
6442.25233
1847.1070
17444.22800
17534.5986
6602.13254
8319.4260
23646.24513
20865.2597
8469.22527
2811.18105
29352.21785
30937.19192
2487.13065
8377.3990
19951.3394
31888.2260
23548.18931
20091.19523
3282.22283
27385.12863
15706.17829
17750.6519
25918.11484
13384.16502
25172.3010
24749.1429
14252.378
21657.16773
30556.29177
14986.23544
3052.24738
25367.21352
20424.27984
14007.20544
17868.29459
3651.23727
17550.7647
22312.20017
21572.22106
28920.10197
9756.11735
24601.19356
5713.25490
12111.18876
30220.31180
22835.635
4073.10502
4293.8293
20043.8154
29027.32040
6372.21002
22846.14586
6224.26836
20758.4368
8127.3114
12745.32754
13601.24847
16251.11881
22805.12223
12140.23847
6036.19442
32582.2139
8314.16410
6001.13923
26313.28378
27594.13112
12650.19488
10022.13672
17616.18410
7612.8705
25606.2839
27762.31383
30187.20418
12007.28760
24463.19954
27660.9759
26656.5116
26790.24634
26554.9163
26078.1404
9891.2828
16946.32473
27940.10201
5701.15879
6661.5847
21491.6898
11126.12623
18350.29888
29650.1553
25658.23138
2472.10006
18646.13009
14265.8258
10602.322
9693.32696
25890.14108
11775.5589
7036.18181
22332.9783
11606.4876
20517.24123
14510.6487
1483.20258
24030.14663
16119.530
19160.17137
22933.4739
23265.15085
9139.18561
27368.26928
4156.16662
15534.31128
12025.6672
14807.30967
24288.2524
22585.6438
13609.20308
6336.12020
9095.31120
16853.4441
30208.52
[... truncated bulk data file ...]