# source: 05_Code-Examples/Dictionary (2)/Dictionary/tempInput2.txt
10000 8000
-3.078439
-0.425688
-0.072683
-1.966429
0.992526
0.692417
-3.965010
-0.177101
2.089450
-4.731340
-0.597192
0.597240
-0.233903
0.639671
-0.314014
-1.144646
0.451336
-0.308739
0.186817
-1.144312
-1.380082
-7.939970
-0.432929
-1.779172
1.361670
0.601155
0.874212
0.839176
0.327578
-0.729605
0.824663
-1.015235
1.599567
0.310575
0.674996
0.318162
0.407920
-1.929918
0.641664
-3.315509
5.062366
1.011100
0.631942
-3.991255
1.225790
-9.191754
1.078670
0.835481
0.093152
2.305631
1.777931
4.089336
0.966399
2.357772
-0.392069
1.787047
-4.898605
-2.250443
1.001501
-0.996006
-0.355471
-0.092950
-0.511614
-5.717185
-0.317246
0.778631
3.997759
-0.384065
0.600984
1.073794
-2.377539
-1.024505
-2.325172
-2906.052054
-0.065708
-22.263869
1.025952
2.782487
-0.003655
0.707659
22.703029
-1.137677
0.546771
-2.596016
1.070844
-5.789335
-0.284568
16.295201
-0.212702
-1.700579
-0.102707
-2.384162
-0.324681
-1.087827
-0.513605
-4.868618
-0.418115
-0.139859
3.744287
-0.535586
-1.494483
-0.792445
0.331807
0.472711
-0.911948
0.998986
-0.923592
-0.890442
10.204094
-0.501384
0.878279
1.569442
0.787286
-0.609802
1.023158
0.587827
-0.554185
2.191168
-0.975578
-1.647259
-1.259356
-0.992558
-1.287717
-0.935024
0.168738
2.185643
-6.112317
0.832039
1.081109
1.165419
1.608199
-0.581499
-0.358563
-0.358298
1.303281
1.959733
1.020742
1.382235
-1.058187
3.846799
2.354824
-0.777859
-20.460179
2.183131
-0.776981
0.964683
-1.247057
0.838201
-0.156206
17.821032
0.980623
0.131606
0.306593
1.346039
0.869626
-0.037131
-2.167021
-1.053019
1.640037
0.578756
0.755063
0.953779
-67.655945
1.009882
1.934368
1.561211
-0.036821
0.563114
0.063495
-1.285740
-0.916446
0.325728
-0.221068
-1.529180
-1.987493
-0.914057
2.395889
1.595563
-0.216640
-1.444434
0.833616
-1.760145
-14.506662
2.700238
0.142513
3.539669
0.672091
5.421594
0.832131
-0.917928
1.056787
-1.103445
0.028425
0.846293
-1.268785
-2.852451
-1.249269
-2.332321
17.549711
-2.057338
2.307337
-0.054800
0.028044
-1.975732
-0.882955
0.761713
-1.115534
-0.426140
[... truncated bulk data file ...]