10000 8000
-3.078439
-0.425688
-0.072683
-1.966429
0.992526
0.692417
-3.965010
-0.177101
2.089450
-4.731340
-0.597192
0.597240
-0.233903
0.639671
-0.314014
-1.144646
0.451336
-0.308739
0.186817
-1.144312
-1.380082
-7.939970
-0.432929
-1.779172
1.361670
0.601155
0.874212
0.839176
0.327578
-0.729605
0.824663
-1.015235
1.599567
0.310575
0.674996
0.318162
0.407920
-1.929918
0.641664
-3.315509
5.062366
1.011100
0.631942
-3.991255
1.225790
-9.191754
1.078670
0.835481
0.093152
2.305631
1.777931
4.089336
0.966399
2.357772
-0.392069
1.787047
-4.898605
-2.250443
1.001501
-0.996006
-0.355471
-0.092950
-0.511614
-5.717185
-0.317246
0.778631
3.997759
-0.384065
0.600984
1.073794
-2.377539
-1.024505
-2.325172
-2906.052054
-0.065708
-22.263869
1.025952
2.782487
-0.003655
0.707659
22.703029
-1.137677
0.546771
-2.596016
1.070844
-5.789335
-0.284568
16.295201
-0.212702
-1.700579
-0.102707
-2.384162
-0.324681
-1.087827
-0.513605
-4.868618
-0.418115
-0.139859
3.744287
-0.535586
-1.494483
-0.792445
0.331807
0.472711
-0.911948
0.998986
-0.923592
-0.890442
10.204094
-0.501384
0.878279
1.569442
0.787286
-0.609802
1.023158
0.587827
-0.554185
2.191168
-0.975578
-1.647259
-1.259356
-0.992558
-1.287717
-0.935024
0.168738
2.185643
-6.112317
0.832039
1.081109
1.165419
1.608199
-0.581499
-0.358563
-0.358298
1.303281
1.959733
1.020742
1.382235
-1.058187
3.846799
2.354824
-0.777859
-20.460179
2.183131
-0.776981
0.964683
-1.247057
0.838201
-0.156206
17.821032
0.980623
0.131606
0.306593
1.346039
0.869626
-0.037131
-2.167021
-1.053019
1.640037
0.578756
0.755063
0.953779
-67.655945
1.009882
1.934368
1.561211
-0.036821
0.563114
0.063495
-1.285740
-0.916446
0.325728
-0.221068
-1.529180
-1.987493
-0.914057
2.395889
1.595563
-0.216640
-1.444434
0.833616
-1.760145
-14.506662
2.700238
0.142513
3.539669
0.672091
5.421594
0.832131
-0.917928
1.056787
-1.103445
0.028425
0.846293
-1.268785
-2.852451
-1.249269
-2.332321
17.549711
-2.057338
2.307337
-0.054800
0.028044
-1.975732
-0.882955
0.761713
-1.115534
-0.426140
1.296766
7.067167
2.490418
0.180012
-0.809315
1.484340
0.284039
-2.848527
2.252282
-10.658609
0.421875
0.185337
-2.915704
-11.077871
-0.278182
-2.168406
-0.132071
0.513069
-1.269812
-3.449185
0.277551
0.854613
0.826162
-0.789894
-0.195455
-6.770267
-0.260787
0.418935
-0.928280
2.894327
-1.544116
-0.373676
6.632546
0.595198
0.197655
0.420968
-5.675602
-0.470381
0.014791
5.459212
9.590154
-0.353082
1.020394
1.547700
1.614881
-1.340729
-0.687194
-2.322981
-0.678615
-1.038621
-0.728922
-0.702870
0.681803
5.418517
1.914375
0.511801
-0.937419
0.446917
-0.140107
-18.197974
1.610758
0.009581
-0.927472
0.595410
1.218824
0.724969
0.871187
0.640641
-0.430507
0.012318
-0.089076
0.560927
-0.472206
0.101894
0.611366
0.541737
-0.311034
-0.626891
0.634847
-1.818666
-1.078669
-0.683114
0.787203
-2.665994
0.621790
0.083913
-1.452015
-0.891482
-0.979941
2557.913986
0.256018
2.648959
0.865793
0.839179
-1.104097
-4.257344
0.317585
0.791810
1.418147
0.269798
0.480348
-0.290039
0.439213
-0.101941
0.401324
1.096587
0.745117
-4.610701
0.557196
-1.318115
-0.413485
0.690571
9.360475
0.040837
-0.360777
1.243194
0.847653
-0.849355
4.082853
-2.109392
5.343595
-3.200822
-0.233670
-0.829403
1.835058
-6.844769
6.239853
-0.816607
1.162406
0.157874
-0.835124
1.075924
0.682510
7.190937
-3.105679
-1.368896
1.557557
-1.330226
-33.665154
-0.431714
3.225065
0.425153
-2.430166
-1.271004
-0.997202
-2.110280
-0.365386
5.268432
-0.209064
-0.594103
-6.948337
-0.901167
-1.511509
3.037833
0.695033
0.054768
0.149300
217.700527
0.802341
-1.601309
1.832281
0.460260
-4.481373
-0.904419
1.309608
1.174742
0.360171
0.046717
0.356867
4.310462
0.737637
10.271534
-0.643503
-10.041832
0.651751
-83.152272
-5.176703
1.077098
-0.007946
-0.276379
-0.393247
0.992537
-1.155707
-1.051612
1.262310
-0.316969
1.191666
7.967879
0.580347
-0.624136
0.175490
1.338010
-0.942022
2.316462
0.820107
0.645513
-2.982579
0.610286
0.130371
-0.474048
-0.045015
-0.784317
0.399586
3.164199
-0.708326
-1.244204
-18.929953
2.191693
-3.539640
-0.935672
-38.005793
-1.957604
0.562532
-0.363459
-0.872504
0.274626
1.440146
-3.722723
0.419583
2.984062
0.671673
-1.131040
1.836263
-0.783376
3.649165
-0.610214
1.019476
-0.278823
0.423485
-0.632584
0.097606
0.854832
0.543751
-1.464001
2.283326
0.030560
1.370090
1.370827
1.377813
-1.065964
-0.140160
98.691602
0.835911
9.312636
-2.754317
0.277083
-0.496156
2.617278
-0.542731
1.393202
30.549498
-0.392661
10.394578
-0.994667
-11.369387
0.544490
-2.262568
0.735045
-1.594164
3.293843
2.980865
1.908610
-0.918296
0.380693
0.722111
0.527105
-3.487871
0.110573
-15.044658
0.966276
-5.344032
4.315889
-1.345263
-1.395958
-0.415561
0.535777
6.840051
0.410957
0.180154
-1.934307
0.716786
0.890757
2.743653
-0.232318
-0.614408
-0.578345
0.006930
5.759577
11.127557
0.110727
0.771992
0.438483
0.040704
0.090235
-1.893188
1.360738
-0.279250
0.453723
1.200086
0.757464
0.673865
0.008171
-4.096037
1.416274
-1.076821
1.058930
-3.979628
-0.028424
-0.516477
4.440732
-6.443967
-0.975960
0.308743
1.556699
-0.999090
0.629180
18.406266
18.275217
-0.296770
-0.957558
0.707658
-0.710198
-0.617187
-2.143412
0.280386
-0.863438
23.231682
5.060710
3.892173
-3.514830
139.807405
-0.809297
1.039970
-0.637679
-1.180444
0.905805
-1.132054
0.284246
-4.187241
-4.232923
0.502059
0.340643
0.609625
2.280913
-1.362351
0.256087
-0.324316
-0.913170
0.735384
-0.442967
1.543017
1.598839
-0.045211
-5.324688
0.892273
0.062337
-0.733857
1.162015
1.163235
3.755943
-0.793473
-0.866604
-0.081589
8.470171
-0.439854
1.488231
1.439826
0.493816
-1.306196
-0.098858
1.295837
2.010322
0.982502
201.300348
-10.256812
-0.477457
-1.039914
1.195145
-0.627331
0.969297
-0.160798
0.319269
-0.295362
-0.770893
2.339982
-0.001996
0.165299
-10.528487
-0.562247
1.878120
-3.391551
-1.678767
-0.880882
-0.618324
-0.512072
0.349045
1.879959
-3.819124
-0.488490
-3.609935
-0.348339
-9.423379
0.387315
0.269461
0.230489
-0.695947
0.770093
2.027339
-0.027086
-1.435479
11.676560
-0.178729
0.752584
-0.156611
-1.182159
0.183586
12.096515
2.905658
1.378122
-2.529825
-0.522118
-1.152071
-1.416686
3.999587
-68.931288
-0.307867
0.346454
0.368201
1.063085
3.289947
0.912409
1.083942
-0.484515
-1.002543
2.607128
-0.864590
0.596681
0.026016
-1.980893
-0.996539
-1.048439
-1.722011
4.401929
-4.127523
-0.530052
1.568529
-1.486761
-0.468927
1.153120
0.205739
-0.938203
4.029693
-0.391163
0.583535
-2.675578
-2.395555
1.202563
6.219806
0.765919
2.366317
-1.840030
-1.950003
1.004202
0.983067
-1.536129
0.123774
0.790591
-1.454454
-0.189161
0.047808
-4.399898
-0.690748
0.318600
0.547041
-79.057858
0.235375
2.013177
0.049016
0.334927
1.052632
0.628761
1.427407
-0.136696
2.025153
1.013211
1.084264
0.100584
1.981538
-0.596490
0.767800
-5.840053
-1.089173
0.370806
-0.710185
-0.680906
1.231419
-1.089874
-1.897148
0.770151
0.943007
3.309632
0.437551
-1.900692
-0.435070
0.431080
0.680927
-0.512444
-1.338162
2.947404
-0.643522
-1.663082
-1.225098
-0.572950
-2.061402
0.545426
0.895459
-0.715739
0.180669
-0.530637
0.588479
0.235097
1.494000
-1.237528
-2.422970
0.775666
0.455566
-0.532474
-14.336869
-1.088851
-1.112280
10.606649
-2.167233
-0.728554
-0.114501
0.484569
1.299052
-0.040104
-2.004114
3.245812
-0.578753
-2.136804
-0.613181
-45.774972
-0.848956
-1.782897
2.932279
0.355775
0.634209
23.847196
2.339268
3.469736
0.431778
-0.586608
-721.832684
-6.752217
0.851492
0.410284
0.051151
0.235989
0.483946
0.676383
-0.771073
0.836801
-0.850935
0.674273
-3.581066
-6.070306
0.899606
0.410146
2.819119
-1.287433
-9.543493
1.820409
0.885793
16.322800
4.335825
1.049138
-2.669406
1.454628
-0.398169
1.018162
4.113267
-0.148229
0.028402
-0.902984
-0.981279
-3.418279
-1.082886
-0.828158
-0.342356
3.308939
-14.818600
-4.134813
2.157964
0.135384
1.429014
0.006701
4.111618
0.412049
1.590807
-0.163094
-0.905196
-0.014079
0.847327
1.502098
-0.362870
-1.112639
0.568053
1.662824
1.319469
-2.534285
0.851442
-1.401669
0.105310
4.500650
6.782623
-0.455646
-0.637903
1.597820
1.042762
0.386642
-216.046076
-0.467534
1.548927
-1.168944
-1.682433
1.064214
1.441790
-0.389574
5.528947
-4.846132
1.728966
-0.757784
-1.944875
0.570642
-162.184790
4.301642
-14.183220
-1.457224
-1.376286
-0.058826
3.182095
1.066367
-0.428099
-1.025712
-0.856545
10.399048
-0.435955
-40.013508
-0.863774
0.283607
1.179915
14.517983
1.304557
12.983940
1.086056
0.945660
0.367317
-1.514329
0.488323
2.261756
-4.264809
0.020948
0.894677
2.480592
1.247011
0.984757
-0.951610
0.259086
-1.414506
-2.849612
-0.982978
-0.529740
0.275682
-0.503076
1.649021
2.861276
-0.799546
7.209069
-0.979103
0.555965
-0.227161
-1.231054
0.915407
-0.594278
-0.246149
0.128876
-2.891601
0.371165
-3.764653
-7.027317
-0.463455
0.184293
1.572697
0.336957
-1.559280
-0.519441
-0.220242
18.577894
2.034001
-0.144012
-0.154914
0.400457
-3.321439
5.826709
0.716924
-0.872406
-1.545897
-1.277854
-0.368866
0.644083
-0.416945
-0.824812
1.573933
1.486246
0.865466
-1.421275
0.648509
-1.973850
-1.278630
0.512162
-1.070696
-0.219133
71.650585
-0.469067
3.534080
-0.241105
1.964841
2.894748
-37.147370
1.852940
-0.692063
0.398690
9.298634
-0.031846
-2.557511
-0.298076
-1.362401
-0.689690
0.034314
2.943881
-4.777471
-0.443946
-0.503138
-1.122260
-0.564588
-25.371852
0.250880
-0.656850
-0.449746
0.244096
-2.899076
1.644617
1.056473
0.367235
-2.549630
21.236181
1.698224
3.322385
-6.141961
-3.464144
5.843712
0.962023
2.175207
-0.528589
-0.786901
1.922864
3.496132
-1.716842
-0.332708
-2.258136
-0.428383
0.971830
-0.709876
0.800428
-0.732138
-1.158899
-42.631681
0.443645
-0.014041
3.479594
-0.096161
-0.862091
0.951885
-0.560048
-1.065245
-6.700502
1.366043
1.023979
0.350999
-1.130726
-1.462769
0.292813
-3.465605
-0.718985
-1.331303
-1.006441
0.409072
-2.501600
-0.397351
-0.747084
1.088365
-8.857324
0.037740
3.166646
0.182681
1.038166
-3.165614
0.967431
1.022303
-8.339509
-0.831208
0.277536
-0.409225
1.038849
-0.525472
-0.944676
-0.300473
1.058789
-2.164513
-0.297162
-3.648949
1.568370
0.351042
0.933595
-0.956988
-0.540827
0.708124
-0.514872
-0.146347
1.029246
-0.553297
1.191892
-6.808971
-0.026921
2.535081
3.510880
0.049031
1.116265
-0.821503
0.832396
-0.407332
-1.631095
0.235324
-0.744756
0.108753
-1.310591
0.980546
-1.400715
-0.165709
-0.095445
0.999421
-1.138531
-1.765904
-7.163967
1.421338
-1.009805
-0.022406
1.413618
-0.848538
5.626349
0.580142
0.359278
-0.430182
-0.400106
-2.410245
-0.249429
1.443344
-0.776767
0.989675
7.928038
0.816388
0.474035
-0.466536
4.614542
-0.775738
1.190660
0.682690
-3.252552
1.541017
0.456699
-1.258189
1.227152
-0.591136
0.330772
21.763197
-1.647287
1.805859
0.197224
1.481808
-0.251532
-1.367369
-0.383906
-1.176828
0.424116
1.635089
-0.253097
-1.576812
-0.068743
2.639637
-1.889551
-0.142994
-1.257679
2.830878
1.514205
-16.611008
-0.740416
-0.921716
0.723138
-2.259314
-0.836673
-0.432568
0.151788
-0.657916
-0.852033
-2.923877
-15.146681
-4.704005
3.969962
0.511016
-2.960540
1.261120
1.054163
1.286137
-0.400754
-0.466491
-2.062841
-2.558393
0.211618
-7.810849
2.218147
-0.369655
0.562946
-1.259936
-21.926649
-0.392259
0.187804
1.718575
2.071719
-42.173384
-0.067249
-0.078701
-0.603678
1.306531
0.917556
0.528840
-0.167502
1.060887
-0.948004
-5.050097
1.029195
4.098178
-0.585674
0.838910
0.700036
0.757298
-12.255773
-0.537974
0.722675
-0.386714
0.715599
-0.822015
-0.702330
-0.965087
-1.554126
0.336490
-0.844912
-0.372982
0.286231
-0.387660
-0.240666
-0.063424
1.902404
-3.051185
3.030085
1.897137
0.099255
-7.986941
1.086896
1.539967
-0.308295
2.982549
1.233711
0.708218
-0.171448
-0.044966
0.357648
-1.193884
-0.427888
-0.038693
-2.799107
-0.154422
-1.945883
-2.617505
-0.128005
0.149693
-0.275659
1.767677
0.124639
-0.389111
-0.362396
-19.406837
0.061631
-0.584997
1.075764
2.820286
-1.078713
10.935604
0.979432
-0.084039
-1.325731
1.972655
0.069571
-0.075283
-1.988815
0.605205
3.924442
0.450212
-1.245332
0.448997
-1.601824
-0.741573
-0.964756
0.835918
-0.421091
-56.547613
-0.557323
-1.516317
-0.153742
-1.301302
1.164127
-3.988258
1.956709
0.680182
0.461890
1.189033
2.552412
-0.731508
0.228482
-1.199523
-0.491290
0.424918
-1.144622
-1.249479
1.230459
-0.141187
-1.894039
2.124566
-1.026578
-0.664756
-0.543072
-0.186230
0.353421
-1.960220
-0.588050
-35.556537
2.549598
0.353685
5.940168
2.950546
1.316182
-0.916442
-0.341341
-0.989222
1.944666
-0.958838
0.102356
-29.497750
1.133350
-0.905500
1.385228
-0.618605
0.994655
-3.751707
2.420018
-0.814890
1.300097
-0.116449
-3.163035
-13.175751
-1.368013
-22.038845
-0.141378
-1.686061
0.994021
5.970829
1.154465
-1.146729
0.158020
-0.045538
1.729890
4.283650
-2.811664
-10.084356
0.209922
-3.353744
-1.043340
0.277629
-0.645523
-2.593081
-1.351289
-1.335074
-7.778333
-0.502564
-11.858094
-0.704965
0.450566
4.067143
0.483571
8.625280
1.587402
1.543043
-0.527427
0.236535
-1.736263
-0.342593
-1.312373
1.115126
-1.698478
1.018920
0.882936
17.618115
1.453561
-1.031986
-0.359158
0.280258
-1.720769
1.055106
-0.003899
1.634852
-0.125675
0.365906
-0.359877
0.084691
-0.266319
-0.516743
5.699539
83.240536
0.626415
-5.006240
-0.090285
-0.577115
7.658248
-1.833135
-1.016567
0.217987
-0.308081
-0.808707
-1.483959
-1.684330
-3.557500
0.515170
1.790377
0.235486
2.414909
0.337334
0.374671
0.298915
41.767893
-0.594796
3.563319
-0.496302
1.968741
-2.212189
1.279027
-2.005060
0.421435
-2.587678
-0.527427
-1.177401
-1.108164
0.844420
-1.367238
-0.406648
1.748010
-3.557512
0.444542
-0.940143
-1.152815
-1.133826
-0.174986
0.910346
-0.578317
0.273649
-0.960773
-0.579991
-1.859496
6.034319
1.095220
-0.618522
0.265016
0.600826
0.747915
-1.035735
-1.675214
-1.566533
-0.114528
-0.124346
0.569959
-0.352003
-1.042245
0.851197
-2.117255
0.703760
3.907312
-11.531478
-0.067074
0.953249
0.612867
-1.659786
-0.819948
-0.528801
0.434814
-3.465074
1.315063
-1.099278
-0.434190
-0.993264
-0.486820
-1.754071
-2.355219
7.101697
1.618762
0.220490
1.357074
0.600144
2.573441
0.655787
-0.573940
0.799128
0.165871
-0.930361
-0.589390
0.875496
0.922322
-1.436124
2.392992
-4.701441
-0.421206
1.167605
1.788622
-0.203237
-18.418383
-1.058122
-0.565331
-0.468262
-0.897739
0.421043
1.023878
1.222326
20.085622
1.052981
1.247195
-1.141906
2.562012
-0.715773
-0.217305
2.034469
-0.292497
37.069114
-1.038979
0.835507
-2.255068
-2.112674
0.054125
4.574627
3.817018
0.329261
0.065540
5.901384
-0.934497
-0.451069
-0.708794
0.794012
2.037367
4.542415
0.115237
1.633241
-0.176045
-0.011001
-1.831055
2.352276
19.094730
1.544370
1.019641
-0.241088
0.017676
-1.539626
0.368958
0.024571
-4.635932
-0.418170
0.487489
0.181862
2.537143
1.538139
-0.266727
0.697239
2.892788
-0.357379
1.611902
0.522040
-1.162594
-0.921521
2.442292
-2.644594
-0.828822
0.879824
-0.480508
-0.058698
-0.335541
-2.783528
1.450908
-2.062407
-0.387391
1.552683
0.372917
1.296644
-1.185961
-0.760597
2.332891
-47.195782
1.230008
1.194148
-1.024936
1.034095
0.967326
1.011887
-0.354185
-2.293086
-5.892008
7.284368
1.851212
0.994864
2.088569
0.222381
-0.526044
0.443290
-3.280549
0.247048
0.000597
3.466395
-0.520063
1.831593
3.590389
0.984907
-0.029106
-0.490439
-0.245910
1.252503
3.552840
3.245239
1.402824
3.707050
0.265262
0.381530
0.258039
0.600739
1.035617
3.993997
0.264352
1.721622
73.339492
1.125850
1.310801
1.554653
4.174452
-6.500738
-5.255508
3.158669
-0.132969
23.236090
4.712874
0.636942
1.711239
-1.704950
-0.555014
2.223487
-1.741068
3.838638
-0.696750
-0.738263
-0.693155
-1.348142
4.355186
1.584433
-2.149611
0.023906
1.049217
0.037513
1.399800
-1.008530
-0.729474
9.390577
-2.510086
1.432010
0.201199
0.546930
-0.270908
-3.387767
-0.505129
0.712029
-2.321710
-1.866296
-0.222245
-1.418166
-0.419163
1.146589
0.056557
1.129663
3.172436
19.531334
6.006734
1.256668
2.148341
-0.523529
-2.086621
0.282362
-2.105211
-0.001008
-1.941483
0.513371
0.958744
-9.690196
1.020380
-0.274172
1.472377
0.803496
1.102895
1.278791
-0.062528
194.755900
1.803318
-2.944926
-0.739007
-1.765586
1.031677
0.358219
0.192697
13.101700
21.060076
3.257444
-0.784084
1.002442
0.366088
-1.122241
1.226028
0.274751
-7.785268
-0.094932
-0.867742
0.400703
-1.065505
-0.690096
-0.881561
1.621031
-0.839446
1.546276
10.212462
2.438958
3.067171
-0.179027
-1.124578
-0.237563
-0.365942
1.198694
0.384271
1.310141
0.120775
1.275021
0.751130
1.219081
-0.531681
1.332984
0.658220
-0.206180
-0.460769
-0.635555
0.085732
-2.648655
0.707841
2.214476
0.645755
-0.374680
-0.743879
-0.865725
-1.397183
3.003981
-1.124838
-1.250923
0.304860
1.302054
-0.520572
-1.966762
0.296714
1.194419
1.590826
0.583858
0.351518
-0.787128
1.939102
1.101368
8.853946
0.349889
-0.551771
0.141221
-1.835291
0.639068
-2.716515
-4.461259
0.748313
4.287227
0.908093
-1.682139
-1.362737
1.613026
-3.614492
0.977490
0.450571
0.515121
-0.385637
-13.735736
-0.256958
-4.879139
1.004292
-0.410988
-0.553119
0.226070
-1.090133
0.345127
0.513486
-0.629060
-0.674818
-1.427773
3.609007
0.958055
-0.811681
1.363252
4.603563
-0.401972
-0.069168
-0.691790
-1.487894
3.143076
22.451707
-8.306585
-0.194544
1.000426
2.470961
6.564002
3.815512
1.390298
4.579707
0.134696
-3.494707
0.236025
-0.098965
-4.586363
0.663488
-7.802347
-0.506338
1.077155
0.749678
0.284377
1.461823
0.041210
0.688387
0.309100
0.250315
1.320468
-1.481081
-1.604245
-2.920257
-1.293671
-1.615287
0.937698
0.951836
-1.057830
-0.870917
-0.009619
-16.400015
0.494621
3.610082
-1.068491
-2.553752
1.455911
-1.185474
-1.089931
-1.407695
-0.567690
1.434898
-3.220828
0.423638
-0.873735
-0.005001
-1.068070
1.497410
0.143904
-0.909813
-3.062064
0.898061
0.299607
0.494802
6.990410
-9.738045
-2.682742
0.235012
-0.777692
0.617828
0.939720
-0.628328
7.310651
1.002959
-2.025014
0.496971
28.185024
1.750855
3.090833
0.098970
1.006716
0.373746
-0.805549
0.473199
-1.253811
2.597419
0.060439
2.973851
-1.376383
-1.290974
-6.086572
-4.392117
-2.052615
3.627141
-0.032238
0.042905
0.736012
0.950161
-2.295423
0.053580
-2.930749
1.001563
1.283619
-0.394084
0.501512
-1.347875
0.347708
9.789313
1.056686
0.446634
-0.362616
2.735295
0.519637
-28.024059
-0.897782
-2.261716
-0.763398
-1.124083
0.497656
-0.859290
0.576394
0.034514
-0.619980
-0.733887
1.271257
-0.363769
-1.432820
-0.167877
0.756390
-5.811633
1.191125
10.260500
0.178100
-6.184772
1.056521
-1.080248
0.178431
-3.130572
31.278578
3.262396
1.395880
-0.436467
2.548280
15.488350
-1.958507
-0.257867
-3.280336
-0.495303
75.254513
-0.537249
-0.506843
0.389283
0.820223
-35.109027
0.431064
0.247103
0.423752
-0.771552
0.271739
-0.783110
1.175739
0.856392
-9.528268
-0.424413
2.940417
-1.377892
0.800019
-1.060826
-1.216348
-2.700750
-0.591419
0.692231
-0.207527
25.236197
-1.129685
0.361120
0.182797
0.855591
0.390174
0.775626
-0.191199
-1.112978
-23.269766
1.413341
0.617895
12.238253
1.461392
1.742887
1.423306
1.334019
-0.867195
15.799522
-2.222553
-0.510668
3.779014
-0.378201
1.792474
3.416706
-0.523160
9.671168
-0.994808
-2.818643
-2.133484
-3.997753
-0.190903
-0.510909
-2.239341
-2.448684
0.227743
4.731240
-0.476480
0.386061
-0.144232
-1.658772
0.863385
-0.336276
-1.260482
-21.894743
-1.368611
0.824605
-0.966357
0.327037
2.019125
-0.465080
0.526590
-0.700841
-0.733888
0.857913
0.503739
-0.617720
0.663294
2.268634
-8.309653
2.546984
0.848762
1.744286
-0.853761
0.010301
0.830354
-0.767869
1.170465
-1.085692
0.311848
0.934188
-1.533311
-0.592595
-5.871035
0.895621
-0.821834
0.634032
-0.333648
-0.478587
2.405390
1.050545
-0.689222
0.116048
-0.679907
3.123477
71.918766
-0.132075
-0.106492
0.928012
-0.625210
-0.924427
-1.142363
-0.783749
3.277187
-0.775586
-1.084261
3.579703
-0.079933
1.141304
-1.562784
-0.536753
-1.613773
0.849081
-1.007730
2.555799
-5.258651
1.569622
1.117681
1.349535
-7.003683
-0.929855
-1.389621
1.196931
-0.876565
0.135943
-7.653481
1.374453
-1.574559
1.710522
2.229533
0.327046
-0.408973
3.519723
0.507096
-5.483419
-2.218838
51.008202
0.465442
-0.646767
1.437668
0.705775
2.253111
1.181753
-1.579509
-14.797219
0.428759
0.475937
-4.370457
-0.441058
-1.194847
0.909378
-0.455566
0.524469
-2.175779
5.770456
0.765352
-4.410471
1.191316
5.287851
-0.675071
-2.498096
1.310758
-0.292609
-0.415423
-0.411341
-0.589523
-5.940914
-0.775960
0.976500
-0.627235
-0.869930
0.255441
0.504563
-2.982208
-0.431665
0.132928
-1.724272
0.988642
2.930790
-0.592899
-2.526227
-5.756758
-0.713517
-0.750429
38.137893
-0.691467
-1.030320
-12.878571
-1.262118
0.553531
0.326104
0.073076
1.424134
-0.379426
-1.679488
3.596956
-1.105362
0.582287
-1.151842
-2.871465
0.887624
0.492492
-0.700853
-0.602577
0.337469
0.305311
-0.063876
0.902668
0.521742
-5.024821
-0.835905
-0.090958
2.850939
-1.259204
7.935675
-2.614498
-1.593072
-0.290327
2.437101
17.348242
1.527356
1.249098
-0.271134
1.282911
0.842992
0.190495
-22.655369
-0.654218
0.458504
-0.305446
1.187993
-0.170768
0.567100
1.186317
1.372622
1.269581
4.542719
2.202323
-0.038600
-8.001825
5.348084
-0.506358
-0.592385
1.321310
-4.236333
-1.047403
29.990451
0.633638
-0.621187
-1.625205
1.305732
-0.478609
4.574678
-0.138129
1.714396
-1.432997
0.822375
1.300274
-1.052822
1.050603
4.898135
-1.131450
1.936224
-0.997467
-0.580524
0.046909
0.831536
-15.239409
0.398726
0.046869
1.285609
0.862174
0.300088
3.208098
-0.506816
-2.853601
0.468555
-0.193068
0.945722
0.307799
0.766775
-0.576050
2.118887
0.468550
3.291920
-0.469830
-0.145604
-1.955426
-6.959660
-1.444324
1.015733
-1.371758
-0.639857
-1.379560
0.302900
1.754413
0.962424
1.043327
0.085714
-0.556379
5.758418
0.170131
0.783231
0.224073
-1.537581
-1.213948
-0.797818
0.740056
-1.190715
-0.492416
-1.275110
0.918284
1.684026
-1.154392
8.111441
0.460760
-1.423241
-2.419169
0.103764
0.247765
-2.182490
0.890959
-1.086352
-1.093022
-28.917747
-1.051861
0.357227
0.334452
-0.989395
-0.382851
0.948046
-0.964259
-0.889970
-1.640861
3.294156
0.312367
0.521493
-0.472903
-0.150405
5.129932
-0.725692
-13.628628
-0.285052
0.636148
-1.144971
1.637370
16.139398
-6.007066
1.050661
-1.054531
26.383406
1.065947
-0.291169
2.408357
1.051916
0.692365
-0.072442
2.552721
16.847946
-3.404688
-0.892220
1.151635
0.230984
0.232432
-0.039041
0.083556
-1.134632
-0.073935
-11.003051
-7.527960
0.026526
-0.088971
-1.244385
-0.146582
-1.394951
-2.395004
-0.421571
-1.183858
2.309058
4.476025
0.515847
4.245999
-0.526121
0.823956
-1.285442
-0.960941
0.418209
5.465987
-0.099094
2.101292
-0.216892
0.411150
-0.026012
12.817696
1.904725
3.037638
2.160482
0.373824
-3.050295
-15.112285
-0.107627
1.426520
3.458980
0.523125
1.774964
1.356555
4.485605
-3.549834
0.345621
0.206560
-0.350133
2.104673
0.722669
0.563837
0.730798
1.821854
0.942752
-3.618556
1.692960
0.984597
0.106518
-1.039109
0.147159
8.095353
-0.659085
0.858069
7.051537
-0.569778
-1.560158
4.496854
0.188941
1.495379
3.268901
-5.540451
-0.361116
-1.665306
0.186382
1.131072
-0.467647
0.603283
1.050119
0.924176
0.248463
-0.544736
-1.007190
4.497987
1.461649
1.260843
-1.864467
-1.482001
-0.487639
-0.193979
-0.171434
-0.654679
0.639579
-2.732043
-2.201865
2.937902
1.152716
-0.709115
1.315689
-0.234779
0.383096
0.588473
-0.168055
-23.927078
0.196601
-1.469201
0.174183
4.169812
-3.229221
-1.165058
-1.248671
-1.688218
0.792237
-0.152534
-1.146657
-2.480774
-0.073583
0.717247
1.067604
-1.057929
-0.610273
-2.863084
6.885411
0.351298
-1.419940
0.470371
0.160119
-1.874755
-1.449039
1.623138
0.861818
3.390070
-0.488647
-5.635547
0.010856
3.243264
-1.114477
0.726702
-1.806317
-1.772333
-0.189046
0.415651
-0.456486
-0.670435
-0.889288
-1.465172
0.790348
2.159938
3.621775
1.303962
-9.199829
-4.295968
5.173306
1.950671
-12.331653
0.423570
-3.783934
0.127236
-0.077130
-0.253075
-1.376905
11.527703
-0.730842
1.232509
-2.724359
-0.085309
-0.866032
-1.449024
-0.005439
0.077314
-1.385421
-0.814050
-2.778372
-0.169800
-0.650445
-0.672272
0.134723
0.200767
0.993060
-0.596943
-0.953104
-3.223884
-6.115191
2.883601
1.677702
0.244847
-0.468363
-0.840330
0.714006
-0.440784
-0.984252
-4.531780
-0.452939
2.173424
0.707156
-3.469215
-5.632013
0.079920
-0.712885
-0.178019
0.488767
0.440324
-1.297044
-1.275848
-179.454320
6.574356
-0.541996
0.668557
-0.236972
1.371705
0.820265
20.861970
0.875175
-0.972003
0.467847
-1.021716
-0.076708
-1.054386
-2.638339
3.055043
-0.522206
8.513471
-1.088898
-11.382782
-0.772662
-0.856372
2.242737
12.388123
2.235560
-0.278633
-0.255482
-1.705794
-2.167279
25.831038
0.711805
0.607648
-0.648138
-0.358351
1.002898
0.524463
-0.772431
0.165604
-2.463148
-2.123283
-0.797086
-0.549425
-2.714781
0.771295
-2.700034
0.700764
-0.836134
1.071093
2.056821
0.148031
0.178466
-0.156387
-0.934988
0.387873
-0.090535
0.641437
1.026972
-1.314845
-0.056839
-0.509388
-1.089123
-3.618033
-1.462965
-1.138675
-1.848732
0.374728
0.730867
-0.341582
-0.665669
-0.023637
-0.588283
-0.628567
-1.180743
-0.541966
1.187200
2.952848
0.646630
-0.944639
0.475308
6.066711
2.657301
-0.624863
0.984380
-1.398004
-0.777859
11.662071
-4.716431
-0.798431
-0.122729
0.470809
-1.012736
-0.002358
0.659549
-3.048432
-0.494211
1.148499
1.306795
4.949985
1.760818
-0.870094
-0.860191
-0.472223
1.257777
0.915185
-0.889177
-0.999016
0.412669
-0.498239
0.959804
0.482224
1.112529
0.704354
1.119874
-2.178336
0.473206
-2.358785
9.453822
0.856974
3.548363
-2.467303
-0.765666
0.970355
-6.279916
3.707607
7.082128
-1.047094
-0.871231
0.667599
0.639012
0.996327
3.587792
-4.475029
-0.755940
0.389315
-4.051429
-1.125122
-2.388138
7.732837
-0.783002
-11.533436
-1.365006
-0.689564
1.362619
0.154491
1.795219
-3.256811
3.295493
0.319733
-1.629065
1.901955
3.790890
2.149109
-1.029074
1.484027
0.221993
-0.982143
0.572910
0.945405
0.477567
-0.889644
3.021118
-28.214781
-0.261376
-0.437820
1.452699
-0.617828
0.603542
-2.991886
1.747086
-0.248262
0.500432
2.197948
-0.050040
-0.152446
3.441125
0.526488
0.124211
-0.375225
1.124097
0.343741
-0.345694
5.251358
-2.191253
1.417940
-0.524774
0.047969
0.303112
0.288746
-1.329415
0.975226
0.049792
0.494315
-0.834629
0.383301
-10.942665
1.787105
-0.498373
-0.136406
0.831068
-1.564340
-1.023748
-0.328319
0.759472
-1.033667
-0.813649
0.658427
1.455524
-1.372994
2.842028
0.460368
7.145120
-2.920322
-0.579164
1.387053
-1.206344
2.970151
0.627767
0.470891
-0.181917
0.889348
-0.404028
-0.839847
-0.022803
-0.465170
1.505192
0.155643
-0.983719
1.040150
-0.869082
1.206865
1.182828
-0.899862
0.264667
-2.220198
-0.690192
-1.473793
-0.788189
-1.352026
-1.499595
-0.239383
0.078941
2.974184
-0.665646
6.456854
-1.500253
1.527853
-2.980560
0.620655
1.065532
-3.621159
-0.228219
-0.911916
-3.959315
1.780335
0.517312
2.846678
-1.322285
-1.613493
0.686088
-1.890742
-1.875805
-0.899276
-0.468848
1.190037
0.565140
-0.855265
-1.147968
3.034258
-0.943430
0.164156
0.899382
-0.679528
0.739134
0.841395
0.510415
-1.770482
2.678447
-2.183228
1.288739
1.643204
1.048037
0.385102
-1.386741
-0.132890
-0.852151
-0.121973
-2.548708
-7.043310
2.581867
3.051527
0.901911
0.425525
0.285028
1.699813
2.206022
-2.288144
-5.196573
1.454224
1.288436
3.687897
-0.715999
-2.801733
0.154091
1.248093
3.620555
5.367334
-13.524264
-4.794415
1.841289
2.589101
-0.622574
3.914073
1.080554
0.371494
1.736241
0.240448
0.925544
2.385937
-0.280699
-1.155942
0.789310
3.123303
-2.878575
3.115870
1.433567
-2.476518
-0.908994
-0.309674
-2.206379
-0.467611
-0.895846
-0.289587
5.281591
-1.326815
0.624350
0.611976
1.392836
-2.236020
0.789444
0.334364
0.660506
-0.269724
-1.192142
0.411605
-1.364499
0.545488
2.339214
2.506264
0.768127
-1.023028
-10.352157
0.476565
-1.255132
0.303657
1.724419
-0.008681
-0.507216
1.571973
1.981492
0.805656
-0.604675
2.144032
1.150409
-0.451766
-2.386938
9.365925
-0.079194
0.339677
0.294016
-1.698535
-1.194089
0.844175
-1.056383
1.120448
-0.534853
8.001569
0.353202
-1.849592
2.566461
1.012748
0.178249
-0.457928
-1.470744
-1.051897
-1.504841
0.340898
-0.606267
-0.650400
0.933644
0.473896
0.375641
0.970605
5.108166
0.782844
-109.317064
0.862147
5.558088
-1.104610
0.390990
-0.393709
-6.658698
0.162729
0.888751
-0.753151
-1.702447
0.753037
-14.163533
0.475117
-1.041996
0.439384
-1.769675
-1.364935
-0.829619
0.147281
-0.310390
-0.932224
12.904646
-1.717000
-0.689015
-0.195460
0.292945
-0.430706
0.195492
0.678856
-0.209917
-2.634911
0.615930
0.891110
0.985187
0.071739
2.640127
-0.325487
-1.242572
0.601734
-23.682209
-4.017810
1.572068
-16.514809
-6.701542
-3.311162
0.407918
0.941376
-2.339257
1.290191
-1.613468
-0.792822
5.128883
1.544074
-1.580321
-1.598146
2.329653
0.627013
-0.952269
0.595656
-440.976349
-0.709220
0.539152
5.244662
-1.828129
2.405883
0.053231
0.367061
1.319618
-0.951123
-1.599193
-7.798147
8.367542
-11.730492
-0.368235
-1.258199
0.677619
-1.543222
-5.505948
-1.230529
-0.006272
0.427469
7.776608
-2.583778
-8.987490
8.708996
2.107009
0.628362
1.190620
-8.592813
1.204826
-0.914936
0.035114
-0.906168
-0.921767
2.418621
2.853298
-1.427652
0.016377
2.406105
1.023814
-1.031371
-0.170855
1.081784
0.388545
-1.012668
-0.500766
-2.730824
-1.090933
0.694424
0.167369
4.995751
-3.437101
0.598672
0.260034
-1.360635
-1.680152
0.189854
-1.592706
-2.952777
0.666645
-0.705384
-0.223820
1.001248
-1.864700
2.161993
-0.939365
-1.892668
0.239733
1.000160
-1.905651
0.592387
1.031649
-6.755679
-1.061656
1.716403
0.356565
0.320244
0.085844
-0.861165
5.583796
0.083474
3.693853
-0.529062
0.042152
-13.642963
15.085154
-0.169514
0.329949
-2.663834
3.050256
-0.745318
-190.167417
-0.400524
4.626675
-0.921612
-0.035637
-0.480833
-0.963298
-4.055010
5.921008
-2.487775
-0.565140
-0.414391
0.745801
-1.454143
-0.082772
0.607892
0.578323
-10.596279
-1.766943
-2.286226
1.104495
0.745089
-0.761082
-3.275360
-1.230285
2.026199
0.319370
-0.411956
0.369602
1.470576
-1.362950
0.053300
-0.588240
5.275199
0.981212
0.837485
7.560407
-0.274612
-1.045451
0.227760
-0.270630
-2.161424
0.831602
-0.865489
0.385627
0.526470
-1.287365
0.433917
-2.275680
-0.934314
-1.320501
0.566026
0.300544
-0.675492
-0.626367
4.407343
-0.336907
2.132384
-0.177188
0.144545
-0.282768
-13.284648
-0.513019
12.070999
0.717170
0.449770
-8.237007
-0.267936
-0.579843
-0.675092
-0.252044
0.536385
-1.295886
12.272124
-1.495092
1.817145
-0.798560
1.053522
5.369561
1.262372
-2.085288
1.237693
-2.266918
3.380914
1.671069
0.494513
0.234141
6.788035
-0.316042
-0.848465
-0.588267
-0.116797
-1.921790
-1.872209
25.214193
2.175398
1.042708
2.211270
-0.386726
-0.446206
-0.715565
-0.984984
0.827343
1.870998
2.788462
0.491142
0.823369
-1.049083
-1.787425
-1.428346
1.500013
2.061750
0.688131
-0.961182
-1.452735
-4.280855
-9.709191
2.069770
0.158674
-0.637731
2.142757
-1.299681
0.583676
-1.711581
-0.253487
-1.298702
-0.563419
1.529727
0.027751
-0.362446
2.442458
0.684605
-0.068239
-1.669744
0.293750
2.167499
0.912294
-0.516499
0.162361
3.787206
0.371839
-0.452954
-0.767327
10.488778
-2.161145
-0.376609
0.328198
-0.379827
0.351737
0.828931
-1.486787
4.619968
1.531637
0.972593
1.051360
-0.814252
-0.856837
-0.733714
-0.636291
0.829894
0.219226
-2.476053
1.055590
0.978253
-0.805065
-0.670192
-0.709838
2.537899
9.780695
-0.982488
3.175118
-3.776300
-2.052239
-12.101855
5.763949
0.824070
0.649354
-3.320354
1.732256
4.203199
-0.842220
-1.126234
0.387261
-0.580753
-34.460361
-1.058018
-1.805773
-0.994592
-1.148376
-0.659585
-11.885133
-1.397760
-1.145951
2.439293
1.146905
-0.610945
-1.190832
-4.858474
0.513983
64.335691
0.246454
-1.119604
-0.059032
0.463944
-5.982055
-0.630900
-1.709731
-1.255423
-1.290115
1.323467
-2.055475
-40.913379
-0.631555
-1.520095
0.581964
-3.123158
-1.430346
-0.654365
632.553465
-0.175780
2.812446
1.368433
-0.374294
1.559571
1.124793
-0.209287
0.209123
-0.335169
-4.068329
0.002767
-2.519472
6.040658
0.761168
0.653524
-0.402410
-0.281838
1.147095
-0.478090
0.967281
-0.106724
-1.237828
-11.238480
1.911363
-1.327478
1.524192
-0.288593
-1.494465
-0.549817
-0.253067
3.476331
-57.477944
2.178311
-1.809435
-0.808456
-4.050284
1.013687
0.311826
-0.250864
-0.423248
-0.701476
0.830358
-1.198888
-0.848261
12.315253
4.896903
0.037856
-1.706189
0.737024
-0.596120
1.253573
0.906617
-9.224451
-0.374307
0.118858
-0.060269
9.038117
-0.314681
-1.077438
2.933991
0.343919
-1.574247
0.741927
-1.080155
0.872444
-0.231215
-0.168906
-0.608272
-0.369896
-2.039994
0.852497
-1.146829
-0.688662
-1.611478
7.381848
-2.638759
-0.067882
-0.038975
-1.189982
-0.726182
4.050593
-0.266508
-0.020786
1.604015
-0.642358
0.561459
-1.204089
7.710061
0.676848
1.690355
4.462759
-0.814579
1.157605
0.047496
1.033249
-5.913936
7.064329
0.004026
0.705872
1.116781
2.621683
-1.069033
-0.434874
1.216768
-0.211534
-0.925648
2.856270
0.279228
0.446864
1.034830
2.253719
-0.716592
-1.250663
-1.393327
-0.178287
3.153976
0.062015
3.493590
2.331346
0.537898
0.978105
-1.323192
0.307862
-1.402186
0.603442
-13.555285
-0.598605
-1.162849
-0.695505
1.079686
-0.028834
-8.272330
-1.410598
-0.718408
0.773013
-0.682577
-2.650418
0.997560
-0.365298
10.003076
-15.791449
-1.298998
12.742031
2.601067
-1.754572
0.066053
23.717498
0.566944
-1.688599
-0.005296
-0.070454
1.321414
-2.214163
-0.780048
1.129377
1.657128
40.457925
0.064674
-1.688211
-1.490119
-18.548124
0.224096
-4.565142
0.565776
2.519446
-1.285910
-0.411445
2.124936
2.815365
2.420512
-1.872224
-1.113581
-0.861876
-1.312436
4.187588
0.141044
0.914100
-328.124966
0.190669
-1.265612
-32.497027
3.410064
0.750634
3.464769
6.603609
-0.582933
0.837936
2.081277
-0.820435
0.714060
0.754329
10.263588
0.516320
-0.244090
0.987919
-0.484559
0.981577
-0.556135
-2.083398
0.876908
1.666943
-0.807351
0.707382
5.742799
3.121380
0.765189
1.054946
-1.422195
-1.389537
-2.125902
0.500032
1.732011
0.402200
-0.276794
-0.165701
3.284516
11.268661
0.548712
-2.318306
0.978467
1.030035
0.800311
1.660878
0.518514
-0.304918
0.170603
0.661311
2.390218
-0.352094
1.080053
-1.419166
-0.234571
-2.988274
-1.372230
-1.344124
-1.276120
4.032631
0.398005
6.062395
1.592634
-4.416998
-1.239957
1.230165
0.349221
-40.091141
0.050207
-1.016751
-0.058004
0.529258
-1.189655
-0.560001
0.122883
-0.509344
0.018916
-4.801401
0.615517
-0.681723
-0.352853
1.015735
1.132666
-1.132895
-11.087246
0.758291
1.010054
-1.902035
-0.059555
-0.014062
-2.095332
1.593885
42.936546
1.078952
-1.147463
1.779661
-12.784086
2.021972
0.284913
-0.434528
2.600991
0.181677
-4.109831
-7.660467
-0.073281
1.006922
-0.621215
0.668265
306.692058
5.412225
1.503662
6.269835
-1.397385
-0.357748
1.872955
-1.174482
0.004072
10.827372
0.434218
-6.627385
-3.230658
0.613583
-2.252626
-0.655130
0.407451
6.617644
2.085204
1.209359
-0.346989
1.226975
-1.551685
0.686412
-0.417482
-3.627549
-0.653903
0.338624
1.517728
2.647529
0.892201
0.426157
-188.875220
-2.607986
1.040096
3.625774
-1.174162
-9.935568
0.622613
-2.983973
-0.547658
-3.077828
-0.273748
1.221461
-1.108853
-1.052966
-1.012703
-4.541423
-6.685771
-0.843068
-0.516870
-3.060756
0.672732
-0.525052
-0.553959
0.380881
0.945993
-0.132186
0.465799
-0.903970
1.080208
-0.687541
-0.328678
-0.693246
-2.431381
1.170788
-1.103487
1.494065
-0.138992
-8.834165
-14.469714
1.083765
0.362620
0.827329
-2.178254
-38.893039
2.190331
-0.435982
1.922245
-0.456136
-14.261814
-0.437501
0.196783
1.970094
4.824737
-1.741669
1.000275
-0.265310
-0.256622
0.359136
12.762124
0.822050
-1.058610
-0.182971
-13.461254
0.296532
-0.026764
0.123270
-0.262634
3.886306
-5.145915
0.728493
1.237667
2.201522
-0.676725
1.740598
-1.193725
0.528189
0.589227
-0.534080
-0.701224
-0.485009
1.346419
3.093486
-0.699549
0.456890
0.032038
0.426774
-1.102268
-0.780390
1.372241
-1.017853
-19.726545
-0.408442
-0.799905
10.915895
-0.771404
0.126572
-1.111980
-6.409045
-0.092942
-0.459969
3.282768
0.304859
1.765461
0.371744
-0.485717
-1.334309
0.798341
-0.858521
4.630106
0.298819
-136.950755
17.052720
0.018696
-0.434005
0.872610
-2.976901
0.377014
-0.749524
1.204288
-1.593380
0.583762
-1.741769
-1.436724
-0.816435
-17.514213
0.962087
-0.038686
-0.572510
-0.665951
-0.578125
0.892509
0.593255
3.220781
7.684184
-1.238832
-21.382677
-0.013080
1.107192
-3.846002
0.255150
3.180666
0.550325
0.762444
-3.170673
2.348230
0.317655
0.851328
2.310229
0.828440
-0.944394
2.485510
0.664304
-1.011142
-1.338774
-0.282352
0.692302
1.352543
0.852476
-0.709625
1.336628
-1.755692
0.392379
1.216392
0.819506
0.597756
0.864081
0.387294
0.565109
-0.148907
1.099107
2.749672
0.166506
-3.287488
0.507139
0.161494
-0.070225
0.320886
0.556065
1.273775
29.550510
0.728855
-2.403805
-4.307441
-1.321154
0.702679
0.088579
0.153259
-1.830500
-0.593734
-1.934102
-1.549206
-3.223649
1.368952
-0.715944
-1.037610
-0.973250
-1.950571
-5.243512
2.617837
9.563286
13.950378
-0.381075
-8.105646
-0.988480
-1.665521
-0.470153
0.358888
-0.171157
-1.642826
1.332073
-0.232532
2.649595
-2.570035
0.781105
1.858194
-0.985274
-1.004938
2.747453
0.758790
-22.499862
0.700213
-4.712236
-0.897637
0.050017
0.581048
1.968240
-26.669865
-0.472241
-0.757881
-2.523643
-1.183117
0.415931
1.198427
-2.555527
-1.949776
-1.469738
3.960285
-2.058377
-3.482458
1.167146
-1.463246
8.028477
4.911401
1.106192
0.895016
-0.452115
-142.488227
0.674739
-0.273815
3.702927
1.182900
0.552926
-1.702303
0.980254
0.639235
1.254333
-0.270334
-0.470418
-3.286907
2.797611
1.365083
-0.398259
1.180386
0.098926
-1.483700
-0.383431
-0.928519
0.272205
-1.066223
-0.443504
-2.417755
0.349332
0.657244
5.826976
1.498922
-1.160999
-2.529852
0.612008
-2.252736
3.319463
-0.436228
-0.904552
-1.207289
1.235462
-0.803762
-0.590686
-2.308778
0.668275
1.663586
5.188856
0.710230
0.405237
1.428462
-1.453961
-1.246452
2.512246
0.877113
0.911686
1.257052
1.725027
4.112849
0.648678
2.231903
4.539371
-6.761103
0.556291
-0.648855
1.932291
2.582530
-3.835885
4.519277
0.598059
-0.694729
-0.297279
-0.971610
-18.452820
-0.827308
0.563166
1.108918
0.442586
3.502690
-1.083347
-0.884773
2.013201
1.985263
-0.774667
1.409102
-5.628993
0.200593
0.193934
-2.046592
-1.143807
2.215969
0.294250
-1.194686
5.365458
-0.445633
-0.963769
1.171282
0.742422
120.189653
0.530835
1.816296
3.226247
0.004429
1.003321
-1.782596
1.477938
-0.842070
-1.629503
-0.115005
-0.335523
-0.482587
4.758897
-0.823987
-5.815145
-1.241472
-0.218115
0.820471
1.216363
-1.793210
-1.940830
2.609679
0.480760
3.378088
1.823696
-5.969028
-1.060292
-1.043463
12.055038
0.501069
0.596682
-0.310970
-0.151196
1.303182
-0.995628
-1.791259
0.081507
2.010710
8.028006
2.101068
-0.452975
0.966047
-1.762433
1.782613
0.168933
-5.912223
-1.331141
0.071280
0.408252
280.710032
-0.304678
1.038247
0.307601
2.917864
-0.464472
-1.662470
-0.223596
0.673984
1.200065
-0.889425
-2.940526
0.443941
0.576116
0.886790
8.738034
-0.943004
-0.179470
0.442624
1.027212
-1.876299
-1.564120
-0.504964
-1.214306
-29.124844
1.109286
-3.220175
-0.309719
1.726006
0.386740
1.723445
0.994799
-1.352437
-0.140984
-0.544086
5.251821
-1.150008
1.455736
1.999517
-1.636331
2.529534
-1.013188
-0.046093
0.321509
-1.211854
-7.757116
0.014095
-2.108514
1.587527
1.156179
1.226009
-1.226519
0.433961
-0.517322
0.966627
-2.885143
-0.750716
5.144117
-49.604384
0.403687
0.347013
0.556512
4.301071
0.800985
9.017518
0.306035
1.528988
0.874027
-0.655089
-0.415743
2.791921
2.255288
-0.076501
0.414133
0.675040
-0.978777
5.568239
0.329233
0.735511
-0.121251
-1.603668
0.011570
-7.410200
-0.082650
-1.053258
-0.619376
1.043121
-0.877416
1.605865
0.693521
0.176799
0.491810
0.193588
-6.419946
0.326503
-10.613720
-5.354973
1.368098
0.922207
2.314814
2.840197
0.151003
-0.371233
-0.175472
-7.874215
-0.148784
0.807677
-0.142893
-0.846361
0.346788
1.075333
-0.150152
0.094975
-2.202258
-0.920779
-0.878439
1.931303
-0.280338
4.877156
1.216015
-0.287833
1.338942
0.302848
-0.442614
-0.372715
-0.839599
0.884492
-5.941133
-0.316731
6.766159
-0.842657
-0.045108
21.229289
0.316816
-0.133916
1.256896
1.280430
-1.065148
0.698642
-64.410855
-0.401288
-0.990625
0.151805
67.702460
-1.361805
-0.564781
-6.974647
-0.907549
0.227759
-1.269159
-0.868444
0.252016
0.147190
-1.312527
0.947109
0.413281
6.474023
1.305685
-0.715963
-6.853180
-0.821355
-1.085033
0.524933
1.328046
0.377158
-0.570117
-0.591636
-0.950571
4.940678
-0.589393
0.095089
-0.140859
-0.282648
-0.932292
-0.178695
-2.306889
-0.925530
1.144867
0.088904
-2.454640
-1.452424
-2.116302
-0.300006
-1.775595
-1.098251
11.339922
-1.006794
0.262745
0.226733
6.540657
-1.007538
-0.327628
0.586314
-1.617872
-1.309028
-0.313109
0.004666
2.069258
-0.169051
0.633395
-1.847970
-2.188754
-0.538231
-0.173120
-3.634281
1.460840
-4.601077
0.329595
-3.000544
-0.617878
-0.566566
-0.087127
0.911983
1.355970
-1.070270
3.900208
-0.199040
-0.266132
-1.186010
-2.810240
-2.983934
23.905404
0.751480
0.388692
1.594711
2.137734
-0.237372
-0.432974
0.509076
-1.972697
0.135836
-1.902732
-2.171143
0.503205
0.031327
-0.498918
0.718859
2.585463
4.440152
1.650439
-1.456481
0.357716
0.748310
-0.206585
-0.299683
3.409493
-0.476158
-7.500493
0.344866
1.593462
-5.579132
-0.849027
-2.571251
0.200765
1.343580
-2.490624
0.143645
-1.448575
1.115192
1.255991
0.113991
2.154117
0.554644
-2.526483
1.648410
0.591751
-1.040877
-3.817129
-0.047123
0.589819
-4.832671
1.143683
-0.837779
-0.698234
0.317701
0.208133
-0.267727
-1.481684
-0.571715
-0.684481
-45.742025
0.208365
0.677185
-0.863753
1.516067
-1.113037
-1.102235
0.005736
-0.292097
0.212067
0.920025
-0.501134
-0.370156
-1.616501
0.718116
1.193079
-0.831097
-0.005545
2.689540
0.071448
-2.411930
-1.604025
2.016550
-11.873975
-1.275035
-4.623754
-1.371201
0.307786
-1.100639
-2.609554
-1.232195
-0.173409
0.250243
-0.991877
0.200420
6.509358
1.823131
0.273921
1.580087
0.257592
-11.905890
-0.915410
-0.463097
0.293682
1.047743
-1.768040
0.782698
7.263387
-4.313285
-0.096504
-3.860819
-2.846550
-0.465370
1.128919
-7.796935
-1.040748
0.285587
-0.764415
-2.070369
-0.917148
-0.481471
-0.727273
-0.766308
-1.771707
-0.933258
0.896069
14.885715
1.754784
-1.005284
1.644737
-0.059072
0.015291
1.493505
-0.769956
1.244083
-0.906446
-0.935357
0.257001
1.065965
0.372229
0.096383
-0.135628
-0.607985
1.557339
-1.043254
0.369073
1.229678
-0.138214
1.839078
52.235853
0.492227
0.588916
-1.433266
-1.516357
-1.244922
0.422795
-20.286561
1.090682
1.029668
0.102416
-2.739948
3.739860
-1.078777
-1.026191
1.648115
1.192237
0.451038
0.945563
0.224308
-1.589163
18.241490
-0.502004
1.743860
-0.986561
-91.577145
-0.236351
0.715106
1.218083
0.513906
0.103145
-11.860672
21.932608
5.905887
0.167860
1.847008
-0.830485
0.419216
-0.776664
7.363786
-0.453422
-0.257011
-0.562946
-0.570577
0.517724
0.754073
-1.390190
-1.960654
-3.726524
1.323627
-0.799216
-2.367695
-0.636077
0.938408
1.018816
1.021322
-0.792669
0.592956
2.273282
-1.698307
0.922875
-0.993504
0.048304
-1.780031
0.073479
-0.344461
13.469832
0.136967
1.382234
1.137379
1.552123
8.013974
1.828144
-1.230104
1.082810
0.561993
6.136815
1.688005
0.068616
27.809865
-0.350281
1.287104
0.669766
-1.505142
0.299034
8.480765
0.559278
-0.929368
0.101844
-12.423966
-3.409902
1.573422
1.074350
9.555239
1.426216
0.024463
-1.492749
1.222102
-51.578476
-0.436393
1.304904
0.498776
-0.776481
1.590840
-1.948880
0.926425
-7.190225
-0.433121
-0.264338
-0.523640
-0.344387
-1.111014
0.671597
-1.873980
-0.217096
0.696303
0.606480
-2.629751
0.236637
1.002215
-0.420813
-10.094098
0.786626
1.373001
-1.317460
-0.000749
-2.992905
1.386134
0.289058
1.265716
0.933260
0.077939
1.282540
6.965692
-2.049434
0.594646
-1.260225
0.010687
0.970336
-1.025342
-1.719224
-1.112644
-0.649278
0.272395
-0.612575
13.413197
0.226470
-1.059273
0.857227
7.031806
-0.467804
-1.080608
-0.324586
-0.576620
1.410653
-1.526170
0.629593
1.367585
2044.960378
1.297113
0.634194
-2.264732
5.050019
-0.464019
-0.369974
1.351086
-0.988331
-0.262891
-6.652581
0.660807
0.319395
0.799602
1.883476
-2.027058
-7.606408
-1.405500
2.418107
-0.660788
-0.142322
0.524913
2.703734
0.978412
0.833940
-0.333774
-0.839541
2.937837
-1.070464
1.052541
-2.595500
1.137793
-4.036706
-2.953998
-0.911463
0.054712
-0.051789
-0.525587
0.985934
-2.463563
-0.863550
2.988416
0.230666
-1.014232
-0.594370
0.873639
0.940988
-1.001063
-0.287451
0.133635
0.689946
0.728605
-6.023641
0.309353
-1.397504
-0.543817
2.332989
1.114279
1.258657
1.107053
-17.979769
-0.138643
-1.856479
-1.575637
5.491496
0.833747
-2.939907
1.214103
-3.262600
5.249271
-0.264604
1.264686
-0.446925
1.863821
-0.683282
0.525046
-0.980574
-0.963786
4.520838
-0.115675
0.644481
0.849776
-0.586114
-0.176282
-0.739052
-1.339735
-0.594812
-0.890301
0.464153
-1.360984
-1.081640
0.512015
-0.843665
0.579060
-1.024915
-0.747654
-0.339813
0.628986
1.263417
-307.044296
0.507776
0.485536
-1.192463
115.986966
1.750246
0.557203
1.371522
3.840187
-1.567258
1.058882
-2.261668
54.391116
-1.122682
0.193231
-0.380705
0.667780
1.421117
1.263225
-1.067381
1.739440
-64.913772
-0.634462
1.570105
1.808031
-0.212518
0.735425
-2.179157
-4.022588
0.290982
0.397616
4.079604
-0.340716
-0.033385
-0.091099
-0.050644
-0.232716
4.561545
-2.136343
-0.681677
2.251028
-1.417330
0.430882
2.045211
-0.527752
-0.014161
2.912928
-1.200586
3.235269
-0.970223
-3.190127
1.325972
-1.812431
-7.258807
0.258646
1.931788
0.619967
0.034796
-6.183253
9.037932
-2.254909
-4.419254
-0.227330
0.402762
1.198692
29.347514
0.641548
1.827376
0.164697
1.248222
1.053904
-2.201964
-0.240370
-0.026768
-0.526281
-0.962643
2.941347
3.914087
-0.625055
-1.692877
-1.853476
-1.774287
0.682201
242.337091
-0.467652
-0.537796
-1.448650
-0.220213
5.617441
1.274320
-1.015048
-0.910181
-0.398880
-0.983009
-0.290408
1.274382
1.329897
-0.810939
0.312098
-0.908069
1.609909
0.246137
-1.536318
3.428064
0.922065
-0.565645
-4.302917
1.806177
-1.834306
0.315379
3.421168
-0.684411
0.461598
1.082930
0.318507
-2.894964
-2.863413
1.147852
0.260508
-4.549910
2.126146
2.641866
-0.230022
1.020537
-0.506500
-1.234348
-1.288704
-0.823529
3.244312
-0.312614
0.515689
-0.118322
0.680526
-1.361859
0.523393
0.357717
-23.128283
2.335110
-0.815809
2.484724
1.058357
-0.671390
1.824100
-1.408737
-0.380310
0.463805
2.220671
-0.952443
-0.454836
0.530777
-0.003422
-0.864044
-4.899670
-2.341946
0.768010
-3.346452
0.024284
-0.831634
-0.989700
0.751883
-0.780071
-1.581799
0.033767
8.023456
1.092102
-0.573678
1.571336
0.714692
-0.405475
0.384818
-1.749230
0.177777
1.185993
-4.292798
-0.115201
-0.813714
-0.581963
0.914402
-1.024126
0.729200
-0.563883
-0.725809
1.127090
-3.511214
-2.226082
-0.765555
-0.849912
0.963961
-1.173888
-1.001884
3.757441
0.170865
-1.942328
2.471473
6.215042
-10.822732
-0.378305
0.082288
2.378417
0.084764
-2.519211
0.525898
0.874755
0.277081
-0.179181
-5.207404
51.973266
1.078629
-0.547718
0.532633
1.510220
-3.492533
0.283648
0.799099
0.851663
0.929750
1.687123
0.256989
1.647027
0.673593
-0.974241
-1.093965
-0.839996
0.333146
-0.760824
-1.306514
-0.758363
0.597719
-1.026793
-2.992696
0.841689
0.593203
-0.819086
-4.713535
0.103576
-0.417567
0.601209
0.953473
-0.080201
0.934395
0.784267
-16.867751
-0.075555
1.660191
-1.057508
-0.782182
1.273423
-0.774425
1.564821
0.239558
-0.480135
0.468632
0.517753
-16.024747
-0.900746
-0.839700
-0.424899
15.157959
0.582165
-3.656194
0.160517
3.687925
-3.463226
1.119450
-1.111391
-0.040236
-1.350681
0.804558
2.129663
-2.925776
7.757056
0.299692
0.260810
0.565528
0.185288
1.196680
0.375017
-0.474685
-1.848314
0.566920
11.560885
-8.136737
0.942995
0.560667
1.136497
0.799931
0.490582
-0.473575
0.205645
-19.688702
-0.647526
2.863984
3.896160
-0.269784
-4.474232
0.617746
7.159321
-2.498173
-1.049619
1.138919
0.604513
0.855812
-0.046415
-1.196228
-0.469532
-3.751441
-8.610251
0.994505
1.962795
0.893404
1.378894
-2.058049
-10.585707
-0.008564
0.384470
-0.246245
-2.066019
1.962333
-1.086823
1.373699
0.246217
0.598232
0.912766
-0.363558
0.857535
-3.384636
-0.835287
1.321527
0.443474
-0.941753
1.046111
6.596106
-2.233195
-4.218861
0.235875
3.441507
-2.232958
0.339808
4.010782
-0.445331
-0.664538
-0.381589
-4.272931
53.953992
-1.546889
-1.350559
1.422737
-0.916842
0.940556
-10.295898
2.463772
2.002061
0.657577
0.874971
-0.022657
0.340334
-1.850878
-19.037988
-7.923862
-0.012135
-2.751137
-0.306126
-0.591861
1.473535
-3.317152
2.359821
2.427442
0.401505
-0.948259
1.278468
1.004451
0.025125
-0.985872
3.121945
1.022586
-0.958572
0.398943
-0.903997
0.367229
-2.961630
-1.724050
1.086838
-5.230166
9.170972
-0.320726
-0.963504
-0.064650
9.187530
-0.058379
-0.419790
2.273533
-2.176294
1.717974
2.968456
-0.586367
-0.641470
-0.384994
0.207227
0.962196
0.832139
-0.741684
10.717605
-2.090908
2.334244
-1.639079
1.129743
-1.386520
-14.499732
-0.358298
-2.448327
-15.876616
0.451877
-16.410505
-5.720910
0.333114
0.589721
-40.218005
-0.858617
0.647966
-0.098266
-0.035557
-1.071544
-1.176877
-12.548133
-1.218082
-14.360196
2.031137
-13.777926
1.425190
-0.530735
-0.966116
0.197106
-1.443358
-2.400670
0.510387
3.255843
-0.422353
4.328765
2.183123
-0.216926
-0.719965
-2.059838
0.157476
44.311195
0.781753
4.578129
3.070197
-0.606866
-1.336349
5.992341
1.728241
-0.958960
3.071900
-0.911020
-0.127248
-0.684655
-1.156992
-1.210615
0.603779
1.339813
-0.867757
-5.174454
0.504793
0.665544
0.990241
-0.503842
-0.148801
-15.186341
0.473582
0.960540
2.917219
-3.919617
-4.851382
-0.447013
0.376217
-1.768176
0.845316
-0.610836
-1.102179
0.564201
-0.484167
0.162051
6.195902
1.933327
-0.751019
0.838977
0.570790
0.972470
0.638663
0.705036
-1.023433
-0.818879
0.010601
-1.325777
15.907135
-1.635264
-0.182518
-1.194019
3.332443
-2.357459
-8.384837
0.974664
0.553419
0.659973
-1.236276
-1.014133
1.987436
-1.284901
-2.827594
-1.793263
1.549518
0.399021
-2.205146
1.044959
6.016905
-6.760598
-0.077464
-2.167705
0.407312
-0.729740
0.538230
-0.167086
0.515290
8.208261
2.595981
-0.362544
0.378106
-0.963824
-1.333618
-0.501958
0.168805
0.492643
-0.651646
0.049992
1.208659
1.098936
2.153312
-5.217990
1.453269
-5.696273
-25.009865
-2.409051
1.610377
3.644057
0.147928
0.961467
0.765733
-1.647007
-0.023068
0.909621
-0.036646
2.932647
4.294299
-0.749870
-1.711922
6.647949
2.687802
0.515293
1.537573
0.370161
6.832290
-0.496682
3.456934
1.021091
-10.063355
-0.585126
1.126906
0.560772
0.941207
-0.302522
0.406468
0.824813
-0.181436
0.659833
-0.052444
-23.945089
-0.414612
-0.956176
-2.025547
2.461752
1.152429
15.734258
1.043964
0.322975
-3.171140
5.534970
-1.143478
-1.809480
0.225001
-0.260802
5.901343
0.477480
-1.617791
1.097604
0.610852
-0.170948
-1.683277
-0.607195
0.979829
-0.520454
-0.955005
-0.212301
0.181580
1.665770
0.792413
-0.648794
1.241034
1.208687
1.002674
1.258560
3.536058
-1.413083
1.264963
1.354903
1.247552
-1.388718
-0.112734
-0.904127
1.414671
2.052202
0.045486
-0.430522
-0.413196
0.669553
1.393598
0.470491
-0.621120
-2.950005
-0.542955
-1.518137
-0.875066
1.992921
15.912740
0.234306
-0.766823
-0.404395
1.244341
0.671002
0.510137
-1.011095
-1.478355
-0.536983
-12.193653
-4.643206
-5.718129
0.066443
0.222585
1.104041
0.370107
-1.801358
-1.199372
1.085055
-0.465293
0.519879
0.141354
-0.830719
3.286052
1.385472
1.617330
0.264845
-0.758025
1.746170
-1.380967
5.588022
1.563193
0.421105
1.975635
-1.533209
-4.419259
1.798814
6.758925
-4.886195
-0.144915
1.674866
-0.564957
-0.915381
-0.684542
1.027039
0.193861
-20.383848
0.352460
0.066197
1.948883
20.110936
-0.390358
-0.809662
-0.056334
4.784726
6.662831
-0.159775
-0.074821
-3.646488
-0.711717
-0.119124
0.290346
0.149149
-0.410847
-449.873218
0.409216
0.329476
11.988104
-1.505886
1.017838
-0.641286
0.637213
0.269271
0.337656
1.596019
-0.690815
22.502479
0.236278
-0.555014
0.932287
-1.239119
-11.350300
0.644801
-0.961001
-1.534387
2.440785
1.619808
1.131471
9.303529
-1.615594
-1.078860
-0.811044
1.288421
2.907781
-1.546009
5.925947
-0.933280
0.151011
-0.794140
2.079789
-1.054249
-0.449731
-0.424765
-0.359606
-1.347414
93.952419
-0.715038
1.187877
-0.609484
-0.857424
0.700415
-0.257617
-1.020610
-1.354371
1.576093
-2.965760
0.927343
0.041578
-3.889290
-0.290531
-1.354575
-0.467348
-0.311888
0.276533
1.422993
0.780608
-1.782809
-1.042742
-0.694943
0.871589
-9.951274
-1.105304
1.258072
-0.272886
-0.585443
-1.286396
-0.048007
-4.678009
0.033393
1.332082
1.031918
2.289133
-1.464431
-0.431572
3.518372
-0.084405
0.411011
-0.606752
-0.325275
1.017252
-1.162137
-1.760602
-1.023131
-0.661234
0.342026
-34.115198
6.838656
0.148978
0.726714
1.324268
-0.510893
0.942171
-1.778339
-0.942493
-0.661091
-0.980441
-0.633590
0.035778
0.766637
-1.194312
-1.662053
-0.048765
-0.677355
0.713313
-5.923629
5.391371
-1.142458
41.357702
-2.858083
-2.652432
-1.230301
-0.674788
-2.795869
-0.346791
0.343630
-0.993914
1.056738
0.595882
2.571527
7.932231
1.111346
-0.104504
-0.985732
-0.897875
0.537019
0.288236
0.773168
0.015682
0.416838
2.418177
1.602346
-0.403603
2.022170
1.132187
0.223554
-0.771555
-4.253977
6.322410
1.409334
-0.617780
-1.896333
-0.773395
13.069390
-0.512908
-1.387026
-4.165165
0.345197
-1.898522
0.890599
7.627806
-1.648035
-1.159112
-0.761171
3.246409
-1.491776
-7.476286
-1.135694
0.194596
0.234934
16.432897
-1.066141
1.374492
-1.754795
0.844851
-2.346714
-1.238108
0.587356
0.041939
-0.739037
-5.130014
-0.112394
-1.769043
0.418702
0.950400
0.416514
-2.706408
-1.282036
0.725743
1.301364
1.049003
-2.969277
-1.274927
-1.528820
-0.476973
0.913627
1.082923
-0.191715
-0.834410
-1.446219
-2.142596
-1.708972
-2.240693
1.154455
-1.129401
-14.560054
-0.932917
0.167679
0.154303
-1.171520
0.910528
1.109054
-0.159740
0.475443
1.070071
-4.358316
23.459875
-3.390806
1.452211
-0.257229
0.369397
0.781288
0.221620
0.574426
3.823227
-1.108599
0.816993
-0.973151
-0.974207
-0.310505
-0.544554
-0.332989
-1.228052
-1.146667
0.698644
0.359073
1.036849
1.048739
-22.326048
-1.236076
-1.216145
0.330387
1.972500
-0.621184
-1.623167
-17.299279
1.407729
-1.209120
-11.427539
97.924408
1.012795
-0.027179
0.501048
-3.166167
2.307492
0.302977
0.205847
0.321833
-1.768707
0.006168
-1.732100
-0.573220
2.166500
-0.072743
0.149813
-1.629077
0.494862
-4.920708
-3.651928
-0.952622
-1.160661
3.478887
-0.102236
1.714230
28.686412
-0.793925
-2.252660
-0.233525
-4.872948
-14.141524
-0.042035
-1.178167
-1.048717
-0.104373
-0.545516
0.007218
3.528197
0.238640
5.971672
1.142288
1.549959
0.122127
-0.997937
1.673465
-1.043482
0.350981
0.011901
-0.776153
-0.419521
0.468306
0.899480
-0.317875
-1.889708
0.059575
-2.383802
9.838028
0.314020
0.829726
-1.043309
1.229126
-4.889423
2.163827
0.318790
-0.717035
5.640235
0.148208
-0.058331
0.531629
1.260777
-0.849780
1.145774
-1.119765
1.215085
-1.562168
-1.248380
0.900452
-0.001543
1.489589
3.945330
27.776606
1.169472
-1.646971
1.054637
-0.215678
-0.037689
-0.948710
-8.660811
0.017851
1.005776
0.323944
1.641965
-0.043919
-0.192981
3.714887
1.273307
-1.282520
0.849924
-5.938485
1.955712
0.876703
0.869631
-6.322767
-1.041779
4.637337
-3.659991
-0.458285
-6.014090
-0.572820
-0.315134
4.521101
-1.048337
-0.306213
16.400406
0.008802
0.236280
-0.549689
-0.808535
-1.912333
1.231014
-0.720543
7.566125
1.940369
-0.093164
5.598978
4.812997
-1.782059
-1.708513
-1.060479
-1.124094
0.291635
0.271036
0.565061
-6.202895
-1.173104
0.127483
-0.383453
0.904099
-1.518137
0.362706
4.191993
-0.136303
23.079538
-1.121957
-0.648993
0.735538
-1.468548
0.843238
-0.857622
-3.005959
-1.766482
9.785358
-11.639626
-1.900697
0.511789
-0.778778
-0.730599
-0.312575
1.287289
1.576312
0.269207
1.382313
0.035816
0.647564
-0.663509
-1.302024
0.258795
-0.255925
0.041040
-0.733761
2.389159
-1.038139
2.730198
0.717695
11.506353
0.650339
2.044842
1.162695
0.804156
-16.469473
-5.387845
-1.341061
0.011704
0.679965
0.946704
3.305701
-1.803937
-1.822016
0.179930
-23.526435
-5.544088
0.226960
1.709740
-0.046362
3.118742
-11.466033
0.628063
1.007634
-0.306044
-1.269328
-0.648938
1.399218
1.016342
-0.802504
-0.656499
-0.223665
0.133635
-1.536917
-0.991144
0.166068
3.507064
0.115413
0.334467
0.684852
-0.742136
0.647870
-0.344647
0.287217
-0.037872
-0.463457
3.685564
-2.866340
-1.449877
-0.851489
-2.508613
0.774292
-0.703547
1.043369
-0.362174
0.990979
0.704961
-0.353202
0.500443
-1.473799
2.801421
0.336733
0.136465
-14.769564
1.019960
-1.122106
1.349544
-4.342479
0.419989
0.969699
0.297573
-0.378646
-2.545723
-0.063787
-0.100172
-0.376541
-8.485179
0.047311
0.416285
0.702808
-0.566239
-1.239042
-1.803852
0.406736
0.049256
-0.342233
0.499660
-1.050176
-2.017444
0.806323
11.586170
-1.082052
0.105194
-4.670567
-1.675263
2.248822
-0.848121
-0.251309
-0.489749
-0.326489
2.574513
6.899656
82.025718
0.453192
-1.116239
-3.329007
-0.405467
-0.492356
0.452006
-1.626468
1.014035
-1.931146
3.445693
0.051475
4.783862
-0.839164
-5.234723
-0.339904
1.084111
-0.506161
-1.598049
1.169673
-0.004163
1.479769
-2.819268
0.477154
27.756588
2.087694
0.286275
-0.934331
1.290450
-0.398526
5.322321
-0.957708
0.101227
1.208036
-2.886455
-0.861053
-0.134754
26.346204
1.754984
0.945086
-4.902133
7.925722
-2.673038
1.152023
0.619882
0.120196
1.219870
-0.889830
0.060242
1.067975
0.004037
0.756302
-0.206751
-1.320999
-0.521082
-2.308414
0.599906
2.462166
2.669006
0.249793
0.756518
-0.160763
-1.716418
3.142872
-0.831597
0.466352
0.727227
0.295179
1.036796
-0.569016
0.948431
-1.096650
-0.978798
-0.572391
0.092292
-4.909942
0.517004
0.380506
-1.199561
-0.109396
-9.612720
0.472663
-0.016796
-1.754151
2.370701
0.412204
0.204119
1.026892
-3.674416
-0.044873
-0.976951
1.732766
0.855483
-0.564344
0.727181
26.369082
-0.347540
0.770184
0.788057
-0.309068
6.412237
6.963459
-0.584279
-0.363487
1.216657
-0.525817
-0.575306
-3.136951
0.501275
-0.958117
-2.231961
-0.683764
-1.202800
1.159478
1.242349
0.026723
-0.813339
-1.063670
-0.133467
1.959688
-0.599754
33.729609
0.204181
0.460642
1.737728
3.188790
0.959138
2.131188
-0.481663
-0.837001
-2.097764
0.965043
0.500181
-0.710713
1.313750
2.170189
-0.771513
33.041537
-0.929921
0.468647
1.015318
0.120391
-0.139583
0.158530
-0.478159
0.666040
0.869722
-1.040034
6.110082
2.831362
-0.481349
1.550051
-1.271220
0.878094
-0.092839
5.388329
0.967019
-0.225615
-0.463796
-0.671124
-0.487155
-0.935661
-0.673828
-1.849604
-3.916785
-13.872305
-3.666133
-0.374394
-1.968704
-1.595516
1.610202
-1.830163
-0.257480
-0.198852
-0.140898
-0.608043
-113.195091
1.003872
-0.702038
-1.889284
-0.906428
-0.140331
-0.121437
0.021489
-0.984858
-6.753273
-0.851088
0.808667
0.007473
43.037841
-0.397343
-0.228747
-0.503975
-0.468962
-1.223265
-0.204711
-66.651052
2.169622
0.987325
0.038676
-1.119956
0.829269
-0.782502
-1.216650
-0.688499
-0.606190
-0.077705
-10.137372
-1.611038
-0.702771
-0.232895
8.564074
2.084837
-1.621932
0.866585
-0.808653
-0.858758
-1.032460
-14.298250
1.592107
-2.473061
-0.240973
-0.696390
0.925283
1.027743
0.720177
-0.743733
3.757069
-0.946020
45.291438
-0.549594
1.626281
-0.487342
0.404302
-0.304543
-0.830974
-0.807284
1.530947
-1.076412
-0.958764
-4.551938
-0.827110
-0.077891
0.180033
-0.503190
5.616731
0.314404
1.416488
0.464761
0.606718
1.425418
2.061944
-0.487549
0.842395
2271.725915
-3.022076
1.949910
-0.258445
1.209487
9.672616
-0.151968
-1.427825
0.009763
1.509786
0.528427
-27.943809
0.061929
-0.807830
10.272075
-5.882346
-1.059569
-0.325383
0.353245
1.387056
-1.114088
0.203787
-1.061642
-0.564335
-8.143170
-2.285015
1.307372
-0.006094
1.681002
0.579279
0.343569
-1.093341
-0.324698
-0.126516
-0.104986
1.826278
-2.826453
-0.567608
1.251715
-0.416503
1.195158
-0.855199
-1.895369
21.089700
-1.418501
0.799783
-0.290932
1.224695
0.516274
0.172401
0.022980
-0.746372
0.241943
0.807957
19.763514
0.375282
-0.994010
-3.403397
0.741965
-0.451428
1.376183
0.427453
-0.741620
-0.731881
-1.058574
0.595797
0.385905
-4.268116
0.162496
0.958800
1.225769
0.905563
-1.213817
3.215904
-1.401081
-0.193099
0.626190
-1.274816
0.128074
-2.555096
1.174042
1.097889
-1.431691
-2.629709
-23.112432
-2.333208
-0.508842
-1.603410
-5.070520
0.466243
0.297269
-0.604094
-0.561175
0.056289
0.007437
1.801064
-2.547899
1.592508
-0.662470
-0.500624
1.640562
0.838300
3.790206
0.162406
-1.966194
0.518903
3.274076
-0.924817
1.400049
0.197493
-17.943437
-0.526584
-0.968342
-0.067990
-0.430915
0.731882
-1.112769
0.172854
-0.114869
-1.146451
1.192930
-1.235850
0.478700
8.369767
-1.614595
-0.985707
-0.544674
3.861767
0.113089
-0.118354
0.845611
-0.902282
0.948394
-1.233668
-1.268620
-0.449997
1.280481
0.495759
-1.268994
-0.384515
-0.737394
-2.422482
-0.909839
-0.571781
0.695112
0.326358
0.834696
-0.630285
-1.424190
0.766228
-0.408881
-0.039181
-76.147679
-1.659041
-6.145538
-0.857661
-2.426596
-1.517275
-0.181328
-0.950814
-0.986388
0.923174
1.089981
6.474036
-0.945745
1.183931
1.220740
0.138780
1.043554
-0.337152
-0.259184
-1.711296
-0.858448
0.941137
0.803992
1.335640
-1.540908
-0.471529
1.090277
-10.679563
5.848442
-0.637516
4.282131
1.268152
0.831487
-9.085374
-1.941915
-0.247684
-0.892767
-0.978180
1.015736
-4.848362
-1.525236
-3.771715
-1.301212
-1.042857
-0.020939
-5.649313
1.438761
0.330841
3.508221
0.818711
1.196734
-4.365731
1.056526
0.357228
0.188486
1.032823
-0.591531
-1.478648
3.269074
-0.432879
0.021172
3.755485
-0.502619
0.661322
3.970062
0.848158
-1.898495
-4.982339
1.132995
-1.372628
1.040742
1.501584
6.143356
1.393199
-1.170612
-0.357551
-1.591193
1.211221
1.095274
-1.797671
3.161610
-0.005536
0.493499
2.805457
1.285088
-0.676715
-6.443705
-0.456149
5.996032
0.571850
0.435142
-0.151974
0.974810
0.048434
0.416132
0.178002
-1.674528
0.056710
-18.398878
1.184121
-0.917877
-6.812978
0.448516
3.015891
5.327385
-0.852030
0.959851
-1.404355
0.934604
-1.743748
9.519022
-0.266649
-0.019906
-98.348230
-0.862571
0.586244
-0.707513
6.445973
-0.876290
-4.643902
1.058548
-0.639271
-1.580888
0.319509
4.151665
-0.423248
4.698504
-0.509774
0.547606
-1.001314
-2.429282
0.170021
0.599693
-1.728246
1.588725
0.238065
0.472040
-1.354459
1.604898
-33.146991
0.054681
-2.011135
0.168630
0.573959
2.920921
2.688976
-1.106932
2.864933
0.602544
2.236211
0.442388
0.228053
24.956383
-0.431098
0.786856
0.695369
-0.114384
-1.007825
-2.865980
-0.662187
0.709424
1.169625
-0.003129
-0.923433
-47.537977
0.063612
-0.815280
1.407726
-9.751687
-0.338955
-0.197645
-0.136124
-2.971800
0.003786
0.493831
0.658077
-3.753671
1.014716
-0.102304
-1.652567
-0.640891
-2.030748
0.853258
0.873502
0.103090
2.120040
2.222324
-1.956304
-0.039033
0.996383
-1.182287
3.048601
0.671760
-2.718234
0.217362
-0.766385
3.077187
-0.496597
-1.150778
-0.393515
5.354486
-0.559372
25.127648
0.712289
1.319718
-2.391867
-0.940324
0.635613
16.180499
0.497072
-0.510325
0.055774
0.023939
1.588794
-1.438141
-24.365006
-0.635126
4.014771
-1.242714
-1.110374
-1.025970
14.324435
0.921885
0.523554
0.541733
0.406284
-1.383731
0.351720
-1.632405
1.148844
-0.163461
-4.778112
0.307291
0.459651
-0.651402
-1.221958
-0.742693
1.892164
0.571373
-0.467024
-1.006540
-2.526703
-0.511934
36.796114
0.000951
-0.817538
-0.454550
-3.150934
0.693602
2.347619
-1.170805
0.461718
-0.274224
0.483970
5.610310
-0.833449
0.201436
-2.510842
1.177724
-0.037763
0.664544
1.472955
17.237355
-0.237366
-2.036453
-3.257734
-31.771573
1.433088
-2.381419
-0.961293
20.485976
0.752059
-3.769261
4.159755
0.521399
2.493009
-0.542447
-1.332634
-1.265720
0.605547
3.337171
-0.399200
-0.276863
-0.751182
-0.326698
-6.029384
0.719385
-1.535540
-0.887965
2.663869
3.090243
-0.371186
1.249493
-81.518478
0.348534
-0.156483
-5.179289
0.968253
0.572831
1.287379
0.586722
0.031574
-1.130718
-0.857476
-0.930089
-0.302500
1.419805
12.041309
-0.347938
0.521097
1.091992
1.506191
7.557287
0.732305
-1.026773
-0.944974
-0.947406
0.808339
-1.011691
-0.134966
1.310501
1.562042
0.220138
-1.087107
2.133278
0.647740
-0.793732
1.009631
0.594365
2.513242
-0.878811
1.622615
-0.799359
0.179719
-0.292145
-0.684118
-0.777436
-2.019071
3.570014
1.734327
0.125202
-20.541691
0.155329
-1.111245
-0.649220
0.874453
-0.277128
0.153598
0.696972
0.232925
-0.135947
0.692996
-0.653588
2.135174
-1.151290
-4.417691
1.053274
-0.646252
3.840560
-4.542052
0.226316
5.516675
-1.138620
2.650353
0.860832
0.147069
1.426690
0.452594
-0.594161
-1.172000
-38.148717
1.380670
1.473024
1.445633
1.037770
-0.385955
-0.212963
2.208784
-3.540246
-0.230669
-25.934099
-0.935760
4.099358
1.374628
2.726143
-0.267380
2.863438
66.283881
-70.314157
1.063529
-0.402535
0.253778
0.685789
0.986264
0.675119
-0.156602
1.000799
5.080283
3.710902
0.889321
0.959968
-0.038206
-0.912138
1.365861
0.906133
1.383850
0.006242
-3.846810
-2.010849
-6.678973
-0.445260
1.443689
-2.667487
2.256375
5.989920
-0.642848
-0.354050
1.708181
-0.179182
1.600813
0.828231
-1.058717
1.183141
0.300334
1.725015
0.138588
1.423481
2.956079
-0.253067
0.297947
2.267160
-1.439562
1.098265
1.783759
-0.910577
1.348717
-0.738810
-1.166257
56.328046
0.007693
0.713557
0.314887
-0.791828
-0.854545
-0.096212
-0.657816
-1.649296
0.893611
-0.313787
2.203701
0.572294
-0.700090
-0.405413
-0.277304
-0.660384
0.089254
2.415276
-0.181936
-0.593382
0.093595
1.420841
11.442389
-7.046407
1.942657
2.887953
1.336453
-1.435886
-7.424237
-1.364309
1.483118
1.208042
-6.967723
4.593392
0.913560
0.687445
0.274052
0.555092
-0.165775
6.733591
-0.726394
0.954532
-1.843723
-1.965453
-0.843975
0.289358
-5.298413
-9.739158
-1.701860
6.623807
-0.803744
-2.295776
-1.288876
1.640995
5.780686
-0.311553
-7.686634
0.642789
-1.203655
-0.268453
-5.981902
-3.260832
-2.605711
0.717581
-0.331054
-0.227338
-0.442964
0.735236
428.917796
-1.027135
0.979007
0.413165
-1.124233
-0.160177
3.795799
-0.322942
-1.035087
2.440444
0.709813
0.026562
-0.315812
3.790672
-0.227500
-0.978351
-0.415083
0.059935
-1.157637
-1.604428
-2.910632
-0.297319
-5.654941
-0.061469
119.781292
0.875272
1.641081
1.218726
1.338433
0.828023
1.924598
4.412789
-1.154078
1.412436
2.737282
-6.770191
0.049944
0.508484
-4.737277
-1.082024
-0.886971
-3.303037
0.078244
1.317874
-0.623519
0.516600
-0.758119
-0.188549
-2.760819
-19.531124
-0.919554
-1.995190
-0.892928
-1.587288
18.026563
-0.771937
-14.461421
0.123296
4.797599
-0.761417
-0.302594
1.437318
0.579575
1.371392
0.622082
-0.007510
-0.740640
-3.470275
0.631136
-0.666013
-1.213466
-1.245505
5.147138
0.127350
0.166255
0.304254
-1.019539
-4.636521
-0.305509
-0.392457
1.801100
-34.777970
-0.416822
2.671108
1.217748
-1.196863
2.755674
-1.643008
-0.814827
0.707527
0.657651
1.964776
1.315869
-7.138187
-1.433863
-1.554822
2.893944
0.418682
0.332175
-1.387894
-0.414968
-0.918232
-0.541745
0.407741
-0.676958
-1.310360
1.712323
2.013801
-1.021008
-1.095351
-1.267041
0.816192
-1.300051
0.784523
-0.876431
0.106339
-0.969996
0.764885
-1.685473
1.057625
-1.020023
-0.526471
-3.930191
0.436087
-131.631926
-0.079017
-0.636022
-0.344630
0.792861
1.943794
-0.056617
-0.130213
1.309660
0.463363
0.983690
0.873729
1.106074
1.635708
-0.496477
-1.045626
-1.030680
-0.870435
-0.239564
0.103037
-0.374996
0.265514
2.846244
0.168548
-1.613172
-1.432562
3.880727
-3.999074
2.334934
0.173483
5.737134
-0.105416
-3.058022
-0.374122
1.685740
-1.072856
4.203151
1.476351
0.968510
-0.161984
-1.232935
-1.289298
-7.531541
38.371422
-0.507674
-3.056886
-0.057801
-0.343939
0.649570
0.925773
0.790996
-0.312902
-1.848559
0.014679
-1.975806
0.767416
1.113970
-0.924902
0.541761
-0.815887
0.722725
-2.342536
0.289149
1.094665
2.818922
-26.277041
-3.193882
0.986280
-3.188168
-0.948688
5.440891
-0.165230
-1.076400
-1.036007
2.143629
0.266842
0.521727
-0.177334
-0.595310
-0.490159
-2.674358
-3.103771
0.989946
-1.222282
-0.439260
-0.828096
0.293578
1.657510
-2.072662
0.537895
-1.175618
-0.495505
-1.294626
-0.690358
-0.025791
-1.552085
-9.432076
-0.309745
0.553806
1.377679
1.032146
0.978498
-0.188067
-2.986896
1.741500
3.163764
-1.342339
-0.787547
1.495254
-0.755089
-1.817046
4.733801
2.302493
3.218034
-1.052349
0.651287
-0.231729
6.438503
0.286651
-0.207581
-0.427072
-2.354710
7.439108
-0.530954
-0.695049
90.025630
1.442917
-33.330079
0.045989
0.272691
-0.368877
-0.362658
1.080767
-46.287822
13.631416
-0.484214
-6.661656
-1.901736
42.011857
-0.762462
26.193818
-0.487793
-4.442007
0.215323
-0.411141
0.006196
-0.980188
-2.024543
-2.007613
13.207123
5.305889
2.779693
-0.917658
0.589934
1.915726
0.263214
0.545434
1.246279
-1.974494
0.073331
-0.869627
-4.385723
-5.827311
-1.182802
-0.887727
-2.290550
1.097420
0.743868
-0.487286
1.079201
0.368502
0.529943
1.254973
0.755433
-0.730590
1.340166
0.170978
-0.472564
-43.505251
43.019639
-0.770993
-0.716131
-2.317552
1.238743
0.546972
-0.025621
-1.248608
-0.820508
-1.867089
1.521933
0.184972
0.015395
1.783626
0.571355
-0.224198
1.195224
-1.938653
-0.658050
-0.035627
0.050128
0.932894
-0.978516
0.203959
-0.540669
1.880317
-0.574726
-2.715517
-0.279142
-1.659719
0.027558
0.920970
-1.733507
-1.341502
-0.047120
-1.365208
0.463470
-3.255255
-3.934102
0.803268
0.595224
0.774986
2.567443
-1.696817
-1.034078
-2.320224
-0.441342
-1.154107
4.426244
-0.943980
-3.052645
1.846232
-0.387330
-1.216071
-0.344078
6.748884
-3.303650
1.114950
-0.171778
-0.121392
-3.110113
0.406589
0.387882
44.474774
-3.280590
-0.820373
-0.874757
1.024896
0.875358
0.134042
-0.700005
31.894804
-1.519388
-1.705416
1.082591
-1.529794
-16.392716
0.379434
0.877311
0.396575
-74.367862
-0.918785
0.872944
3.287808
1.435251
-1.633065
-2.590830
-1.716012
0.691563
-2.556474
0.026111
1.058199
0.757333
-0.100072
-2.315805
-3.029443
0.424659
1.650890
-0.650839
-0.765646
-0.227636
3.468754
-0.634104
146.255302
-2.281819
-0.024807
-1.079127
0.767121
-0.039187
0.916159
2.895496
0.157369
0.698913
2.043189
-3.058231
-0.628910
0.529820
-0.226940
-0.018684
2.173538
-0.146459
0.556761
0.436081
0.093624
0.990112
-1.846579
-1.133629
-0.305509
-0.636801
-4.212047
0.051592
0.776122
-0.767153
5.198982
-1.538689
1.929955
-1.516972
-2.875492
28.160586
0.496484
-1.547751
0.048937
-8.677386
-3.185071
-1.120236
-4.774093
3.385480
0.559148
1.328748
0.244525
0.676945
4.053945
0.613395
-0.908489
-1.117835
1.788262
-0.603555
-2.094366
0.893178
0.217906
-0.455399
2.500872
-0.407909
-0.962976
3.060622
0.614210
-2.249796
-0.850419
4.810352
-0.278957
-0.044909
2.044384
0.663918
-1.078688
-1.507875
-6.924518
5.721562
1.373439
8.314363
0.636831
0.773838
2.928619
-0.555804
-0.401694
3.957041
-0.608941
2.040980
-1.020938
0.529577
-0.195800
-0.761930
-0.212525
1.386449
-0.033501
0.228256
0.296191
-2.628654
0.099190
3.062768
0.936514
1.348499
-0.904537
0.929527
-0.164392
1.906609
-4.332739
-0.384284
0.855786
0.603928
-0.060563
-1.286973
-1.117882
-1.586938
0.946531
0.061928
1.454897
-0.433120
-0.943254
0.986529
1.292769
0.846935
3.274284
-0.890024
0.110075
1.059186
2.827792
0.911110
1.980030
-0.161943
-1.192028
1.014635
-0.489372
0.786755
14.306590
-9.361064
-0.960673
0.911233
-0.251798
4.026690
0.025700
-1.260670
2.484307
1.890858
1.459573
-0.113161
-1.725028
2.667036
-2.530016
0.539980
-0.896869
0.063212
-0.964283
1.352455
-4.715636
-0.268287
-0.862512
0.652477
-2.094896
0.567402
-1.809989
-2.575014
-0.269413
-0.949555
-45.166521
-1.714630
1.166203
1.033540
-0.802471
-1.013807
-0.876867
0.810021
-1.439039
-0.448949
-0.611589
0.576469
-0.757970
2.520590
1.001459
-4.915768
1.431606
-0.591073
0.809996
0.614916
1.058261
-1.931541
-1.516264
1.261503
-0.062180
0.730590
-0.927198
1.144068
0.439607
1.104266
-47.212159
2.080063
1.084526
4.998802
1.905289
7.574527
-8.187385
2.621735
-0.114340
0.737513
-0.701588
0.067929
-0.203502
-2.148891
-0.241731
-1.267896
-1.037097
1.798321
-0.208215
0.821216
-1.115993
-0.199317
0.431844
-1.768195
-0.455170
-0.514169
0.880974
1.307490
3.971778
-3.337413
-3.025315
-0.500434
-0.816950
0.120037
0.047453
-0.186506
0.683848
-0.844830
-1.185235
0.441907
-0.224823
5.079576
1.243267
2.933456
0.083409
-0.066527
-0.424511
-0.134666
1.811660
-0.563559
-0.785623
-0.001690
0.893280
-0.107353
-0.974578
-0.481789
-0.844291
-4.873151
0.925299
-2.733560
-1.085555
-0.316906
1.010913
-53.434347
-0.349376
-8.307882
0.171729
-5.430252
6.820052
2.301983
-1.113037
-0.986498
9.802232
1.533325
-0.637111
0.132089
0.748096
-0.096903
3.422649
0.158059
-0.570954
-0.942367
-3.632060
0.961789
0.925295
-0.062358
-0.011092
-0.393872
1.935462
-0.197991
0.591170
-0.087458
-1.451316
0.234725
-1.647910
-0.829576
-1.670299
22.926111
-0.678262
0.662337
-2.843485
-4.615096
-1.230714
-0.808164
5.954800
-0.074213
0.396152
-0.966383
5.268611
-2.092982
1.061792
1.322020
-4.348612
1.261769
-6.782411
-1.088196
-5.619319
1.575030
-1.490465
2.093589
0.216595
11.205691
-1.608942
-0.486136
1.299205
-0.546921
-2.320774
1.378558
4.205631
1.025374
0.902192
-1.082203
-5.192248
-0.240000
0.955528
-0.818877
0.831595
-2.324485
14.956301
-1.310800
-1.398016
1.999274
-0.005511
-1.962647
-0.947249
-1.384884
-0.083064
-6.359032
-23.813490
0.408111
0.560932
-1.646602
-1.562847
-0.928688
-0.161082
1.120118
-0.512763
0.410384
-0.792664
-0.835951
-0.193671
0.906344
-1.053448
-0.362668
-3.418753
-0.373604
-0.055839
-1.064965
-1.146379
439.522040
1.251331
-4.127304
0.625550
-0.662033
-0.970915
40.097211
-0.193615
2.281099
2.920186
0.218978
-0.666716
-1.243007
-1.553164
-0.582532
-2.079647
5.173484
-0.690505
-0.820438
0.459148
0.062137
0.389424
0.268865
-0.699774
-2.996752
-28.730453
0.116571
-0.371513
-0.189534
1.051359
0.602414
-0.197015
2.038738
0.641983
3.730061
-0.092798
1.593564
-0.687240
10.342459
0.568039
0.729563
3.390753
0.379632
-3.138654
-1.515913
-0.445040
0.304324
2.979144
1.154957
-0.477420
2.263029
-2.383670
3.156130
5.140032
-2.486843
0.058735
-6.594463
1.284054
-0.298912
0.328902
-0.496220
1.025872
-0.362627
0.221646
0.108623
-0.511402
0.829345
-0.669925
5.367262
11.996463
-0.225980
0.402620
-1.075150
0.516991
-0.137415
-1.264292
0.399095
1.541130
-0.692769
-0.578832
1.547067
-1.796122
1.126645
0.300900
1.480944
0.025284
1.261992
1.456955
0.799921
-0.007404
0.913627
0.155220
-1.791529
1.076509
-0.887069
0.628517
-0.065438
5.607130
1.850737
0.756178
-0.034403
-2.031120
0.361018
0.884274
-1.099479
0.525361
-0.184062
25.858401
0.811627
1.042451
-19.913389
2.330123
2.023920
0.571059
-0.647584
-1.401923
0.257435
-0.344489
-0.258115
-0.746433
0.206614
-0.276874
-1.424164
-1.484748
0.376118
0.346413
0.833147
-1.748829
0.002528
4.388738
-5.335137
-0.518861
-2.191943
0.404670
1.187204
-1.709347
0.900864
1.685725
-1.778569
0.093061
-1.042563
0.755502
3.564678
-0.605992
-0.429557
-0.230237
0.195118
2.160180
-1.030965
1.750383
0.215623
0.046988
-2.132165
2.724862
0.620707
-0.951646
-1.940569
-0.859157
-0.819579
0.669288
1.012127
0.194935
-0.614647
0.635900
10.218191
-3.398993
-1.074626
-0.084155
1.086696
-5.137017
1.048500
-2.154136
-1.160368
-0.997168
-0.245413
6.063839
1.418293
-1.322831
0.133601
4.509846
7.536420
-3.097394
0.086222
0.345613
-7.395835
0.394961
-0.984556
-0.132508
1.668547
4.370311
20.724949
0.033242
-1.949834
0.746809
2.339670
-1.131550
-0.500157
2.457111
-0.555955
-1.152860
0.171905
2.069984
1.373817
-1.661115
-0.336497
1.387180
0.952654
-1.134681
0.541939
1.095813
-0.368959
-0.664701
-1.624226
-1.487962
-0.011045
-1.251007
-0.595443
1.297813
-0.518072
0.033687
-1.198893
13.739388
0.575235
0.119316
-0.936515
2.862229
5.281711
-2.241431
1.078241
0.246272
645.280725
-4.097310
0.492878
2.199297
6.387697
-0.387122
-0.552280
0.255254
-0.444474
-1.055042
1.627302
0.182066
-11.261579
-0.823306
-0.916817
0.282523
-0.380014
-0.959272
-0.015411
1.043543
-0.316301
-0.477897
-1.052987
1.142933
-0.071639
-0.379796
-0.659849
0.015035
0.296560
4.139635
-27.275255
1.083532
2.881204
-0.346871
2.344484
-6.301667
-1.184693
-0.259371
-0.334019
0.295861
0.494017
9.251389
0.829046
-0.160348
0.914982
-64.303668
-0.881337
-2.594991
1.241090
-0.604017
2.707573
-0.085265
-0.551001
-0.631369
-0.059824
-4.310299
-0.323900
-0.989125
0.437002
-0.707153
-1.076045
0.157966
-0.035788
0.124541
0.911306
-1.495840
0.536407
4.434233
-39.316483
3.532822
0.407180
2.940286
1.309744
-0.234139
0.923917
0.769886
1.709560
-1.449379
2.513130
-10.798453
-0.031136
0.213432
0.287424
0.912236
0.537776
0.899757
-0.537967
-1.171339
-1.058874
0.570449
1.484769
11.741071
-0.057275
1.127772
1.132553
0.230388
-1.362022
0.313461
9.760116
0.328225
0.294666
-6.288887
-1.119706
-0.346334
-1.849670
0.877315
2.126911
-3.391515
1.890648
0.841921
-2.751276
0.551303
-0.824443
-0.518559
0.448818
1.120064
-1.435835
2.920954
-1.369620
15.983768
-0.449388
-0.314902
0.912053
0.179891
-0.775840
1.259880
-28.093878
1.055177
0.518044
1.186790
17.667204
-0.165616
-0.900415
-4.728900
-1.160696
-0.384275
0.737546
0.605473
-0.349779
1.536642
2.335169
0.213288
1.258073
0.245852
0.752194
-0.889160
0.909471
-0.374616
-0.225358
16.651100
-1.117256
-0.710982
-0.899883
-0.720487
0.518381
-0.494879
-0.332518
-10.522796
0.223320
-0.583779
0.991072
-0.351912
0.906617
0.418803
-0.239849
0.511295
-0.248393
-0.588719
-0.466650
0.210013
-1.777990
0.480654
3.053058
1.133064
0.133062
0.964584
-1.054948
11.661102
1.426040
-0.630649
6.999540
0.480350
1.055122
-1.010779
28.394321
-3.895678
-1.928416
2.875091
0.603276
-0.187625
-1.480188
1.172326
-0.342684
1.044539
1.276778
-0.054392
-0.281339
0.248235
-3.082767
0.520506
-8.267473
1.614448
-0.334805
-0.640789
1.251449
-1.416696
0.903405
1.113906
0.293980
0.960893
-4.475833
0.104022
1.724550
-1.485547
-0.964965
0.712210
1.160243
-1.675912
-3.185699
-0.647520
0.156430
0.849513
-0.711981
3.688883
1.523599
-0.138682
0.676299
-0.866695
0.230430
1.317123
-4.506503
-11.471937
6.462431
-32.601956
-1.785942
1.128944
-35.862592
1.962813
-0.944548
1.844654
-9.051847
1.546325
1.103898
0.745597
0.718625
-0.121143
-1.139600
0.002143
-0.305528
0.823653
36.213908
-4.581470
-1.326568
-0.895734
7.091976
0.418844
0.139665
1.343688
0.292889
2.355289
0.037787
-4.715372
0.188282
5.795653
-0.286075
-1.008364
-0.510346
1.542160
-1.193123
7.121530
22.031695
1.200689
0.138369
-1.119063
1.201840
-2.516526
1.807470
-1.348590
0.849603
-3.629370
-0.729934
-0.468791
-2.225117
2.687194
0.047861
0.205762
-0.624482
1.168878
0.901902
-0.713801
-2.637445
-2.584841
-4.029626
-0.293345
1.294036
0.632550
-1.571094
-0.649616
9.671879
-0.992018
0.237279
